13 5 2 27 42 43 2 13 3 21 3 1 3 2 1 6 3 16 3 2 
5 3 2 2 2 2 1 2 1 2 1 1 1 2 1 2 2 2 1 1 
5 3 2 2 2 2 1 2 1 2 1 1 1 2 1 2 2 2 1 1 
5 38 2 3 4 2 2 3 14 3 2 1 2 2 2 26 3 2 2 2 
5 3 2 2 2 2 1 2 1 2 1 1 1 2 1 2 2 2 1 1 
5 3 2 2 2 2 1 2 1 2 1 1 1 2 1 2 2 2 1 1 
5 3 2 2 2 2 1 2 1 2 1 1 1 2 1 2 2 2 1 1 
5 12 36 42 3 2 3 2 3 13 2 2 2 1 2 4 2 2 2 2 
5 3 2 2 2 2 1 2 1 2 1 1 1 2 1 2 2 2 1 24 
5 3 2 2 33 1 2 2 2 29 1 1 1 1 2 3 2 2 1 1 
5 3 2 2 2 2 1 2 1 2 1 1 1 2 1 2 2 2 1 1 
5 3 2 2 2 2 1 2 1 2 1 1 1 2 1 18 9 3 1 1 
5 3 2 2 2 2 1 2 1 2 1 1 1 2 1 2 2 2 1 1 
5 3 2 2 2 2 1 2 1 2 1 1 1 2 1 2 2 2 1 1 
5 3 2 2 2 2 1 2 1 2 1 1 1 2 1 2 2 2 1 1 
5 3 2 2 2 2 1 2 1 2 1 1 1 2 1 14 2 2 1 2 
5 3 2 2 2 2 1 2 1 2 1 1 1 2 1 2 2 2 1 1 
5 3 2 2 2 2 1 2 1 2 1 1 1 2 1 2 2 2 1 1 
5 3 2 2 2 2 1 2 1 2 1 1 1 2 1 2 2 2 1 1 
5 3 2 2 2 2 1 2 1 2 1 1 1 2 1 2 2 2 1 1 
5 3 2 2 2 2 1 2 1 2 1 1 1 2 1 2 2 2 1 1 
5 3 2 2 2 2 1 2 1 2 1 1 1 2 1 2 2 2 1 1 
5 3 2 2 2 2 1 2 1 2 1 1 1 2 1 2 2 2 1 1 
5 3 2 2 2 2 1 2 1 2 1 1 1 2 1 2 2 2 1 1 
5 3 2 2 2 2 1 2 1 2 1 1 1 2 1 2 2 2 1 1 
5 3 2 2 2 2 1 2 1 2 1 1 1 2 1 2 2 2 1 1 
5 3 2 2 2 2 1 2 1 2 1 1 1 2 1 2 2 2 1 1 
5 3 2 2 2 2 1 2 1 2 1 1 1 2 1 2 2 2 1 1 
5 3 2 2 2 2 1 2 1 2 1 1 1 2 1 2 2 2 1 1 
5 3 2 2 2 2 1 2 1 2 1 1 1 2 1 2 2 2 1 1 
5 3 2 2 2 2 1 2 1 2 1 1 1 2 1 2 2 2 1 1 
5 3 2 2 2 2 1 2 1 2 1 1 1 2 1 2 2 2 1 1 
5 3 2 2 2 2 1 2 1 2 1 1 1 2 1 2 2 2 1 1 
5 3 2 2 2 2 1 2 1 2 1 1 1 2 1 2 18 2 2 1 
5 3 2 2 2 2 1 2 1 2 1 1 1 2 1 2 2 2 1 1 
5 3 2 2 2 2 1 2 1 2 1 1 1 2 1 2 2 2 1 1 
5 3 2 2 2 2 1 2 1 2 1 1 1 2 1 2 2 2 1 1 
19 2 3 2 2 2 1 2 1 2 1 1 1 2 42 17 4 2 7 2 
5 3 2 2 2 2 1 2 1 2 1 1 1 2 1 2 2 2 1 1 
5 3 2 2 2 2 1 2 1 2 1 1 1 2 1 2 2 2 1 1 
5 3 2 2 2 2 1 2 1 2 1 1 1 2 1 2 2 2 1 1 
5 3 2 2 2 2 1 2 1 2 1 1 1 2 1 2 2 2 1 66 
5 3 2 2 2 2 1 2 1 32 2 1 1 1 52 4 2 2 1 2 
5 3 2 2 2 2 1 2 1 2 1 1 1 2 24 3 2 2 2 1 
5 3 2 2 2 2 1 2 1 2 1 1 1 2 1 2 2 2 1 24 
5 3 2 2 2 2 1 2 1 2 1 1 1 2 13 3 2 2 1 2 
5 3 2 2 2 2 1 2 1 23 1 1 2 1 172 5 2 2 2 170 
5 3 2 2 2 2 1 2 1 30 1 2 1 1 393 4 4 2 3 194 
5 3 2 2 2 2 1 2 1 299 2 2 1 14 701 6 3 3 3 418 
5 3 2 2 59 2 1 2 1 235 1 2 1 17 679 5 3 2 19 137 
5 3 2 2 80 3 1 2 1 199 3 1 1 1 1162 5 3 2 2 67 
5 3 2 2 43 2 2 2 1 147 2 2 1 38 1454 6 4 3 4 352 
5 3 2 19 58 3 2 1 2 399 2 2 1 74 1263 7 4 35 50 482 
5 3 2 2 79 2 2 1 2 447 2 2 1 2 1476 10 7 5 175 370 
5 3 2 2 69 2 1 2 34 340 2 2 2 84 1199 13 8 5 316 311 
5 3 2 42 98 2 1 2 114 291 2 1 20 337 1225 7 5 19 213 292 
5 3 2 48 49 2 2 2 72 317 2 2 2 551 791 8 6 4 130 156 
5 3 2 89 40 2 2 1 227 225 3 2 54 966 629 11 6 34 64 139 
5 3 2 58 7 2 1 2 216 120 3 1 62 1467 126 6 3 4 339 17 
5 3 2 79 8 2 2 1 293 7 3 1 2 1525 28 8 4 3 486 47 
5 3 2 42 2 2 2 2 304 88 2 2 2 1171 87 10 6 103 397 129 
5 3 2 39 3 2 1 2 276 4 3 3 100 1211 4 14 9 214 446 52 
5 3 2 40 2 2 2 1 346 3 2 2 162 1377 7 8 4 77 309 5 
5 3 37 33 3 2 1 56 259 4 2 3 397 1065 3 8 5 28 284 6 
5 3 20 30 2 2 1 128 179 3 2 1 659 758 4 5 4 164 301 4 
5 3 55 28 2 2 2 124 135 2 3 41 919 402 4 10 7 596 241 9 
5 3 49 7 2 2 1 172 154 3 3 23 972 390 3 8 5 432 100 34 
5 3 72 7 2 2 2 242 36 3 2 43 1146 191 4 8 6 373 135 34 
5 3 71 3 2 2 2 232 58 3 2 3 1355 108 3 7 5 296 44 20 
5 3 55 3 2 2 1 325 31 2 3 2 1449 72 3 7 3 207 5 3 
5 3 62 7 2 2 2 462 7 2 3 2 1408 7 2 9 25 513 5 3 
5 3 32 2 2 2 2 564 7 2 2 2 1461 5 3 7 113 435 8 5 
5 3 2 2 2 2 1 610 78 5 2 3 1303 52 24 13 54 298 11 45 
5 3 2 2 2 2 91 497 23 27 3 3 1126 7 4 10 7 474 6 3 
5 3 2 2 2 2 140 536 3 3 2 34 1099 4 4 10 7 381 4 3 
5 3 2 2 2 2 125 509 3 3 2 39 828 6 2 5 6 309 13 4 
5 3 2 2 2 2 140 380 3 3 2 46 492 6 2 9 7 91 4 3 
13 5 2 2 2 2 119 225 4 3 34 43 522 4 2 19 6 68 9 3 
5 3 2 2 2 2 72 138 2 2 33 62 557 41 2 47 8 184 6 8 
5 3 2 2 14 2 36 116 2 2 2 63 394 12 2 23 31 124 20 3 
5 3 2 2 2 2 63 121 2 1 3 63 571 23 2 7 5 163 3 3 
5 3 2 2 2 2 30 84 9 37 1 75 587 4 39 8 6 45 4 8 
13 5 26 3 2 4 2 77 2 2 14 39 358 3 3 8 20 139 4 4 
5 3 2 2 2 2 1 130 6 2 2 56 627 4 3 9 6 126 4 3 
5 3 2 2 2 2 31 159 6 1 2 122 775 3 2 6 4 87 4 2 
5 3 2 2 2 2 30 207 3 2 2 141 597 2 2 7 5 5 2 2 
5 3 2 2 2 2 49 399 3 2 2 81 483 4 2 7 7 119 3 2 
5 3 2 2 2 22 17 330 4 2 13 99 516 4 3 9 48 108 28 3 
5 3 2 2 2 2 26 276 3 2 2 114 484 3 4 8 7 72 4 3 
5 3 2 2 2 2 34 304 4 2 3 89 525 3 3 8 6 100 3 3 
5 3 2 2 2 2 1 274 2 4 3 41 421 3 2 8 5 5 3 2 
5 3 2 2 2 2 1 307 4 2 2 54 602 3 3 7 5 82 3 2 
5 3 2 2 2 2 1 113 3 37 2 10 336 22 4 7 25 4 3 3 
5 3 2 2 2 2 1 86 4 36 2 33 360 3 14 5 27 164 4 2 
5 3 16 3 6 2 1 88 2 3 2 2 123 2 2 4 4 4 2 1 
5 3 2 2 2 2 1 79 2 2 1 45 115 2 3 4 4 2 2 2 
5 3 2 2 2 2 1 15 2 1 2 1 14 2 2 3 3 2 1 2 
5 3 2 2 2 2 1 2 1 2 1 62 25 3 2 17 4 4 2 2 
5 3 2 2 2 2 1 2 1 2 1 12 95 2 2 24 4 18 3 1 
5 3 2 2 2 2 1 2 1 2 1 1 1 2 1 2 2 2 1 1 
5 3 2 2 2 2 1 2 1 2 1 1 1 2 1 2 2 2 1 1 
5 3 2 2 2 2 1 2 1 2 1 1 1 2 1 2 2 2 1 1 
5 3 2 2 2 2 1 61 3 1 2 1 2 2 1 4 2 3 1 2 
5 3 2 2 2 2 1 47 2 2 2 1 2 1 1 3 2 2 1 2 
5 3 2 2 2 2 1 46 3 5 2 1 2 1 1 4 3 2 2 1 
5 3 2 2 2 2 1 2 1 2 1 1 1 2 1 2 2 2 1 1 
5 3 2 2 2 2 1 2 1 2 1 1 1 2 1 2 2 17 2 1 
5 3 2 2 2 2 1 20 3 1 1 1 2 2 1 3 2 73 2 1 
5 3 2 2 2 2 1 2 1 2 1 70 2 1 1 4 3 2 2 2 
5 3 2 2 2 2 1 2 1 2 1 1 1 2 1 2 2 2 1 1 
5 3 2 2 2 2 1 2 1 2 1 1 1 2 1 2 2 2 1 1 
5 3 2 2 2 22 3 115 2 7 2 1 2 2 1 5 3 2 2 1 
5 3 2 2 2 2 1 14 1 3 2 1 43 2 1 4 3 3 1 2 
5 3 2 2 2 2 1 58 3 1 2 1 2 1 1 3 3 2 1 2 
5 3 2 2 2 2 1 2 1 2 1 1 1 2 1 2 2 2 1 1 
5 3 2 2 2 2 1 32 2 1 2 1 2 1 19 4 2 2 2 1 
5 3 2 2 2 2 1 2 1 2 1 1 1 2 1 2 2 2 1 1 
5 3 2 2 2 2 1 2 1 2 1 1 1 2 14 3 2 2 1 2 
5 3 2 2 2 2 1 58 2 2 2 1 13 2 175 5 3 2 2 25 
5 3 2 2 2 2 1 2 1 2 1 1 1 2 236 5 3 2 1 172 
5 3 2 2 2 2 1 61 2 2 1 2 1 1 288 5 3 3 2 129 
5 3 2 2 2 2 1 2 1 2 1 1 1 2 255 6 3 3 2 235 
5 3 2 2 2 2 1 2 1 2 1 1 1 2 413 6 5 3 3 452 
5 3 2 2 2 2 1 37 2 2 1 1 2 42 458 8 6 4 4 311 
5 3 2 2 2 2 1 22 2 1 2 1 2 95 504 6 5 3 70 353 
5 3 2 2 2 2 1 54 2 2 1 1 2 211 435 5 3 3 284 473 
5 18 3 4 3 2 2 158 3 3 2 2 24 290 491 6 4 3 345 402 
5 3 2 2 2 2 1 20 3 1 1 1 2 282 338 6 4 24 411 184 
5 3 2 2 2 22 2 121 3 2 1 2 70 428 265 7 4 78 557 201 
50 16 7 2 2 3 33 62 3 2 20 2 214 346 49 7 5 134 484 118 
5 3 2 2 84 2 1 86 3 1 2 2 192 385 6 8 4 222 430 7 
5 3 2 2 2 2 1 163 2 1 2 1 363 407 29 9 6 687 450 26 
5 3 2 2 2 2 1 124 7 2 2 2 398 413 4 9 27 829 210 23 
5 3 2 2 2 2 1 84 2 2 1 71 418 237 2 7 164 484 180 10 
5 3 2 2 2 2 1 232 2 2 1 126 519 94 4 7 529 839 89 8 
5 3 2 2 2 2 1 234 21 3 2 235 450 2 2 7 509 789 54 5 
5 3 2 2 2 2 1 149 3 2 1 181 867 3 3 17 526 531 61 22 
5 3 2 2 2 2 1 28 2 1 2 271 907 4 2 71 709 703 7 5 
5 3 2 2 2 2 1 2 1 2 121 440 566 2 1 345 608 427 59 22 
5 3 2 2 2 2 1 44 2 2 140 711 173 2 1 446 654 172 4 3 
5 3 2 2 2 2 1 47 2 1 99 503 4 20 3 503 489 29 6 4 
5 3 2 2 2 2 1 2 1 2 199 375 4 2 2 405 516 27 6 5 
5 3 2 2 2 2 1 86 2 3 375 243 3 2 2 422 319 6 4 4 
5 3 2 2 2 2 1 2 1 2 300 49 2 1 1 493 155 27 5 3 
5 3 2 2 22 2 2 13 3 3 462 2 5 2 2 644 25 3 21 3 
5 3 2 2 2 22 3 113 2 2 436 2 2 1 1 543 5 6 3 2 
5 3 2 2 2 2 1 2 1 2 250 2 1 1 2 301 3 3 3 2 
5 3 2 2 2 2 1 32 2 1 63 2 1 2 1 50 2 3 2 1 
5 3 2 2 2 2 1 2 1 2 1 1 1 2 1 2 2 2 1 1 
5 3 2 2 2 2 1 2 1 2 1 1 1 2 1 2 2 2 1 1 
5 3 2 2 2 2 1 2 1 2 1 1 1 2 1 41 4 3 1 2 
5 3 2 2 2 2 1 2 1 2 1 1 1 2 1 2 2 2 1 1 
5 3 2 2 2 2 1 26 2 1 2 1 2 1 1 3 2 2 1 1 
5 3 2 2 2 2 1 2 1 2 1 22 1 3 1 22 6 4 1 3 
5 3 2 2 2 2 1 2 1 2 1 1 1 2 1 2 2 2 1 1 
5 3 2 2 2 2 1 2 1 2 1 1 1 2 1 2 2 2 1 1 
5 3 2 2 2 2 1 16 2 2 2 1 1 2 1 3 2 2 1 1 
5 3 2 47 3 2 2 2 1 2 44 2 1 1 1 31 3 1 2 1 
5 3 2 2 2 2 1 2 1 2 1 1 1 2 1 2 2 2 1 1 
5 3 2 2 2 2 1 63 2 2 1 1 2 1 1 3 2 2 1 2 
5 3 2 2 2 2 1 2 1 2 1 1 1 2 1 2 2 2 1 1 
5 3 2 2 2 2 1 2 1 2 1 1 1 2 1 2 2 2 1 1 
5 3 2 2 2 2 1 2 1 2 1 1 1 2 1 2 2 2 1 1 
5 3 2 2 2 2 1 2 1 2 1 1 1 2 1 2 2 2 1 1 
5 3 2 2 2 2 1 2 1 2 1 1 1 2 1 2 2 2 1 1 
5 3 2 2 2 2 1 2 1 2 1 1 1 2 1 2 2 2 1 1 
5 3 2 2 2 2 1 2 1 2 1 1 1 2 1 2 2 2 1 1 
5 3 2 2 2 2 1 2 1 2 1 1 1 2 1 2 2 2 1 1 
5 3 2 2 2 2 1 42 2 1 2 1 2 1 1 3 2 2 1 1 
5 3 2 2 2 2 1 70 2 1 2 1 2 1 2 3 3 2 1 2 
5 3 2 2 2 2 1 170 2 1 2 1 2 2 1 4 3 2 1 2 
5 3 2 2 2 2 1 152 3 2 2 2 2 2 1 5 4 3 2 1 
5 3 2 2 2 2 1 136 4 2 2 1 3 3 1 5 3 2 2 1 
5 3 2 2 2 2 1 225 2 2 2 1 2 2 1 4 3 3 2 1 
5 3 2 2 2 20 2 49 3 2 13 2 2 1 2 4 2 7 4 1 
5 3 2 2 2 23 2 16 2 2 2 2 1 1 2 3 2 2 1 1 
5 3 2 2 40 2 2 2 1 2 1 1 2 1 1 3 1 2 1 1 
5 3 2 2 2 2 1 2 1 2 1 1 1 2 1 2 2 2 1 1 
5 3 2 2 2 2 1 2 1 2 1 1 1 2 1 2 2 2 1 1 
5 3 2 2 2 2 1 2 1 2 1 1 1 2 1 2 2 2 1 1 
5 3 2 2 2 2 1 19 2 2 2 1 3 3 1 3 2 2 1 2 
5 3 2 2 2 2 1 2 1 2 1 1 1 2 1 2 2 2 1 1 
5 3 2 2 2 2 1 2 1 2 1 1 1 2 1 2 2 2 1 1 
5 3 2 2 2 2 1 2 1 2 1 1 1 2 1 2 2 2 1 1 
5 3 2 2 2 2 1 2 1 2 1 1 1 2 1 2 2 2 1 1 
5 3 2 2 2 2 1 2 1 2 1 1 1 2 1 2 2 2 1 1 
5 3 2 2 2 2 1 2 1 2 1 1 1 2 1 2 2 2 1 1 
5 3 2 2 13 2 2 15 2 3 2 1 1 3 1 3 40 3 1 2 
5 3 2 2 2 2 1 103 2 1 2 1 2 1 1 4 2 2 1 1 
5 3 2 2 2 2 1 149 3 2 2 1 2 2 20 4 3 3 2 1 
5 3 2 2 2 2 1 34 2 2 1 2 127 2 1 4 3 2 2 1 
5 3 2 2 2 2 1 2 1 2 1 38 414 2 1 5 3 3 2 1 
5 3 2 2 2 2 1 32 2 2 1 15 309 2 2 6 5 3 2 2 
5 3 2 2 2 2 1 2 1 2 1 1 1 2 1 2 2 2 1 1 
5 3 2 2 2 2 1 2 1 2 1 1 71 2 1 5 3 2 2 1 
5 3 2 2 2 2 1 63 2 26 2 1 141 17 3 50 3 3 2 2 
5 3 2 2 2 2 1 2 1 2 21 2 53 1 1 7 3 2 2 1 
5 3 2 2 2 2 1 2 1 2 1 40 2 1 15 14 3 9 2 3 
5 3 2 2 2 2 1 2 1 90 31 23 318 37 26 13 27 42 3 3 
5 3 2 2 96 2 2 2 1 2 1 1 423 2 1 19 9 5 2 2 
5 3 2 2 2 2 1 75 3 1 2 2 123 2 1 19 3 83 10 2 
5 3 2 2 2 2 1 209 3 2 2 29 234 6 2 38 12 90 5 3 
5 12 3 2 2 2 3 169 4 6 2 27 240 7 2 9 29 180 5 4 
5 3 2 2 2 2 1 138 3 62 2 85 271 3 2 54 30 218 11 4 
5 3 2 2 2 2 1 218 4 39 3 47 505 3 2 7 42 221 9 3 
5 3 2 2 2 2 5 252 3 3 2 40 456 3 3 9 61 147 4 2 
5 3 2 2 2 2 5 296 4 5 2 91 599 4 2 8 6 6 3 3 
5 3 2 2 14 2 33 210 3 2 26 99 824 5 4 100 6 143 3 3 
5 3 2 2 14 2 28 228 6 2 2 61 628 4 2 7 5 51 4 2 
5 3 2 2 2 2 28 169 3 1 21 57 709 4 2 43 9 8 5 2 
5 3 2 2 2 2 31 205 7 2 21 45 653 6 2 18 6 26 5 2 
5 3 2 2 2 2 30 230 4 3 22 34 818 4 2 7 6 49 3 3 
5 3 2 2 2 2 86 400 4 2 2 35 913 3 3 17 9 173 4 2 
5 3 2 2 17 2 116 448 4 3 41 21 780 4 3 10 76 132 4 4 
162 14 4 2 2 2 83 543 4 3 2 20 1076 4 3 123 111 382 89 151 
61 3 76 3 18 2 98 502 4 7 34 9 1267 7 3 34 10 143 5 4 
5 3 74 3 15 2 19 354 4 3 21 6 1061 2 2 9 29 65 3 3 
14 13 45 6 20 12 45 408 23 58 3 3 1318 23 3 9 7 172 7 3 
5 3 32 3 14 2 39 445 4 3 55 7 1336 5 2 13 6 281 37 3 
14 5 30 3 3 4 40 463 3 4 3 3 1379 4 3 11 7 405 9 3 
5 3 40 3 2 2 34 418 5 3 3 3 1547 5 3 12 7 375 6 3 
5 3 44 7 2 2 1 368 7 2 3 1 1413 5 3 31 10 221 53 3 
5 3 52 6 16 2 2 348 3 45 2 81 1693 4 4 22 8 349 107 29 
5 3 75 16 15 2 2 320 20 50 2 37 1399 7 5 27 9 471 48 7 
5 3 56 28 14 2 2 259 109 55 1 2 1483 34 3 84 6 417 31 3 
5 3 66 36 3 2 1 216 145 90 2 89 1593 287 47 56 38 436 50 26 
5 3 32 31 2 2 2 120 176 51 2 2 1024 399 4 78 20 519 60 4 
5 3 2 57 2 3 1 151 222 2 3 41 730 960 4 10 8 466 325 3 
5 16 13 55 5 2 3 129 210 99 18 56 355 975 85 56 31 158 661 5 
5 3 2 49 3 2 1 72 153 3 3 25 260 946 3 10 8 177 499 8 
5 3 2 34 3 2 1 14 361 4 2 15 196 1351 5 14 11 297 628 76 
5 16 5 33 7 2 2 2 156 67 2 47 161 1526 5 28 8 146 561 30 
15 12 18 81 73 5 28 27 362 53 13 3 3 1299 59 37 37 42 394 38 
5 3 2 38 55 3 2 1 208 57 2 21 2 1063 189 5 4 3 392 8 
5 3 2 25 66 1 2 2 246 107 2 2 15 755 559 14 9 39 335 99 
5 3 2 16 140 2 2 2 83 300 2 2 1 526 907 8 5 4 383 501 
5 3 2 2 81 2 2 2 43 390 15 5 2 299 981 15 6 5 336 432 
5 3 2 2 97 2 2 2 2 413 11 4 39 190 1034 20 10 7 440 442 
5 3 2 2 49 18 2 3 1 434 12 4 3 77 1322 19 9 11 318 368 
16 5 2 2 85 3 2 33 2 433 6 2 66 25 1220 9 6 31 30 323 
5 3 13 7 59 3 1 2 2 234 2 41 2 25 1402 11 9 21 25 527 
5 3 2 2 55 2 2 2 1 126 24 22 2 2 1050 23 6 5 3 702 
5 3 2 2 2 2 1 2 1 168 2 2 2 40 778 8 5 4 4 179 
5 3 2 2 2 2 1 2 1 119 2 2 33 30 662 7 5 5 9 267 
5 3 2 2 2 2 1 2 1 80 2 1 1 1 424 23 3 3 2 379 
5 3 2 2 2 2 1 2 1 82 2 32 30 38 163 13 4 4 3 423 
5 3 2 2 2 2 1 2 1 57 1 2 1 51 83 4 4 3 3 37 
17 2 3 2 13 18 14 2 2 35 19 57 1 6 3 24 10 21 13 14 
5 3 2 2 2 2 1 2 1 2 1 1 1 2 1 2 2 2 1 1 
5 3 2 2 2 2 1 2 1 2 1 1 1 2 24 3 2 2 1 2 
5 3 2 2 2 2 1 2 1 2 11 5 1 2 1 12 3 2 2 1 
5 3 2 2 14 2 1 2 1 2 10 8 2 1 1 5 8 2 55 1 
5 3 2 2 2 2 1 2 30 2 11 5 2 2 49 11 7 3 4 2 
5 3 2 2 2 2 1 2 1 2 1 1 1 2 1 2 2 2 1 1 
5 3 2 2 2 2 1 2 1 2 25 2 1 2 1 13 4 2 2 1 
5 3 2 2 2 2 1 2 1 2 1 1 1 2 24 3 2 2 51 4 
5 3 2 2 2 2 1 2 1 2 1 1 1 2 1 2 2 2 1 1 
5 3 2 2 2 2 1 2 1 2 1 1 1 2 1 2 2 2 1 1 
5 3 2 2 2 2 1 2 1 2 1 1 1 2 1 2 2 2 1 1 
5 3 2 2 2 2 1 2 1 2 1 1 1 2 1 22 3 2 2 2 
5 3 2 2 2 2 1 2 1 2 1 1 1 2 1 15 2 2 8 1 
5 3 2 2 2 2 1 2 1 2 1 1 1 2 1 2 2 2 28 1 
5 3 2 2 2 2 1 2 1 2 1 1 1 2 1 26 2 8 2 2 
5 3 2 2 2 2 1 2 1 2 1 1 1 2 1 61 5 3 2 1 
5 3 2 2 2 2 1 2 1 2 1 1 1 2 29 3 3 1 2 1 
5 3 2 2 2 2 1 2 1 2 1 1 1 2 1 2 2 2 1 1 
5 3 2 2 2 2 1 2 1 2 1 1 1 2 1 46 3 2 1 2 
