5 3 24 5 2 2 2 1 2 2 1 2 1 1 1 3 61 2 2 1 
5 3 2 2 2 2 1 2 1 2 1 1 1 2 1 2 2 2 1 1 
5 3 2 2 2 2 1 2 1 2 1 1 1 2 1 2 2 2 1 1 
5 3 2 2 2 2 1 2 1 2 1 1 1 2 1 2 2 2 1 1 
5 3 2 2 2 2 1 2 13 2 2 1 1 2 1 3 2 2 1 1 
5 3 2 2 2 2 1 2 1 2 1 1 1 2 1 2 2 2 1 1 
5 3 2 2 2 2 1 2 1 2 1 1 1 2 1 48 2 3 1 1 
5 3 2 2 2 2 1 2 1 2 1 1 1 2 1 2 2 2 1 1 
5 3 2 2 2 2 1 2 1 2 1 1 1 2 1 2 2 2 1 1 
5 3 2 2 2 2 1 2 1 2 1 1 1 2 1 2 2 2 1 1 
5 3 2 2 2 2 1 2 1 2 1 1 1 2 1 2 2 2 1 1 
5 3 2 2 2 2 1 2 1 2 1 1 1 2 1 2 2 2 1 1 
5 3 2 2 2 2 1 2 1 2 1 1 1 2 1 2 2 2 1 1 
5 3 2 2 2 2 1 2 1 2 1 1 1 2 1 2 2 2 1 1 
5 3 2 2 2 2 1 2 1 2 1 1 1 2 1 2 2 2 1 1 
5 3 2 2 2 2 1 2 1 2 1 1 1 2 1 2 2 2 1 1 
5 3 2 2 2 2 1 2 1 2 1 1 1 2 1 2 2 2 1 1 
5 3 2 2 2 2 1 2 1 2 1 1 1 2 1 2 2 2 1 1 
5 3 2 2 2 2 1 2 1 21 2 1 1 1 2 3 2 1 2 1 
5 3 2 2 2 2 1 2 1 2 1 1 1 2 1 2 2 2 1 1 
5 3 2 2 2 2 1 2 1 2 1 1 1 2 33 3 2 2 2 1 
5 3 2 2 2 2 1 2 1 2 1 1 1 2 42 3 3 1 2 1 
5 3 2 2 2 2 1 2 1 2 1 1 1 2 37 3 2 2 2 26 
5 3 2 2 2 2 1 2 1 101 1 2 1 1 590 5 3 3 2 352 
5 3 2 2 38 1 2 2 27 306 2 20 3 31 1053 9 6 5 5 29 
5 3 2 2 58 2 2 2 19 244 2 1 2 3 1269 5 3 2 4 667 
5 3 2 2 111 2 1 2 1 378 2 2 1 85 1034 10 6 33 180 257 
5 3 2 43 40 2 2 2 144 365 2 2 2 313 1112 8 3 3 99 140 
5 3 2 49 17 2 2 1 213 229 3 1 2 1216 328 5 4 3 179 123 
5 3 2 105 6 2 2 64 340 38 2 37 56 1427 53 10 27 121 400 62 
5 3 2 86 2 2 2 2 247 4 2 2 201 1678 45 8 5 150 537 28 
29 2 42 13 2 2 2 129 242 4 6 4 542 1073 7 7 6 60 359 22 
5 3 51 7 2 2 1 184 144 3 3 2 1256 350 4 8 4 748 86 7 
5 3 85 3 2 2 2 295 126 4 2 23 1272 156 30 8 5 420 89 8 
5 3 32 3 2 1 2 369 4 2 2 2 1621 7 3 8 4 365 17 2 
5 3 2 2 2 2 1 484 7 2 2 2 1711 5 5 8 105 429 5 4 
5 3 2 2 2 2 140 627 5 3 3 22 963 8 3 11 8 559 10 5 
5 3 2 2 2 2 161 428 5 89 3 44 550 5 3 8 7 180 10 2 
5 3 2 2 13 2 91 232 6 2 33 33 569 3 2 24 29 156 4 2 
5 3 2 2 2 2 31 92 2 2 1 144 353 24 3 6 8 66 5 2 
5 3 2 2 2 2 28 57 8 1 2 35 488 4 2 7 5 96 3 2 
5 3 2 2 2 2 1 115 6 2 2 100 542 4 2 7 6 6 21 2 
5 3 2 2 2 2 1 339 2 2 2 103 573 4 2 9 6 5 4 2 
5 3 2 2 2 2 10 288 2 1 2 132 568 4 1 7 5 26 3 3 
5 3 2 2 2 2 1 290 7 2 2 88 413 35 48 7 20 77 9 3 
5 3 2 2 2 2 1 288 3 75 2 2 581 34 4 7 5 55 4 3 
5 3 2 2 2 2 1 99 7 55 1 13 175 5 14 9 7 78 5 27 
5 3 2 2 2 2 1 69 2 2 1 1 2 1 2 3 3 1 2 1 
5 3 2 2 2 2 1 12 1 6 1 16 123 2 3 4 4 3 16 2 
5 3 2 2 2 2 1 21 2 6 2 1 2 1 2 3 2 2 2 1 
5 3 2 2 2 2 1 2 1 2 1 1 1 2 1 2 2 2 1 1 
5 3 2 2 2 2 1 2 1 2 1 1 1 2 1 2 2 2 1 1 
5 3 2 2 2 2 1 2 1 2 1 1 1 2 1 2 2 2 1 1 
5 3 2 2 2 2 1 2 1 2 1 1 1 2 1 2 2 2 1 1 
5 3 2 2 2 2 1 2 1 2 1 1 1 2 1 2 2 2 1 1 
5 3 2 2 2 2 1 2 1 2 1 1 1 2 1 2 2 2 1 1 
5 3 2 2 2 2 1 2 1 2 1 1 1 2 1 2 2 2 1 1 
5 3 2 2 2 2 1 2 1 2 1 1 1 2 29 3 2 2 2 1 
5 3 2 2 2 2 1 2 1 2 1 1 1 2 51 4 2 2 1 26 
5 3 2 2 2 2 1 14 1 2 2 1 2 25 344 6 4 5 3 189 
5 3 2 2 2 2 1 35 2 3 1 1 4 48 224 5 4 3 20 363 
5 3 2 2 2 2 1 32 2 1 2 1 2 63 706 6 4 3 34 358 
5 3 2 2 2 2 1 96 2 1 2 1 2 316 398 8 5 4 258 506 
89 13 2 39 70 33 3 254 20 32 57 35 22 329 347 48 37 55 491 251 
5 20 5 2 2 18 2 200 2 2 5 1 149 442 6 8 5 66 515 43 
5 3 2 2 2 2 1 108 3 2 2 1 310 358 2 10 5 830 362 5 
5 3 2 2 2 2 1 122 3 2 2 63 298 193 2 6 173 802 127 4 
5 3 2 21 5 2 2 27 2 1 2 221 758 7 3 7 419 577 15 5 
5 3 2 2 2 2 1 64 3 3 54 293 633 7 1 313 693 392 8 4 
5 3 2 2 2 2 1 2 1 2 171 722 26 2 2 417 580 58 12 5 
5 3 2 2 2 2 1 2 1 2 223 403 3 2 2 430 357 19 6 4 
5 3 2 2 2 2 1 2 1 2 373 5 2 1 2 555 24 5 4 3 
5 3 2 2 2 2 1 2 1 2 330 3 2 1 2 465 7 5 3 2 
5 3 2 2 2 2 1 2 1 2 1 1 1 2 1 11 2 2 1 1 
5 3 2 2 2 50 2 54 2 5 15 2 3 2 1 4 4 4 1 2 
5 3 2 18 5 2 2 95 3 2 1 2 2 1 1 18 12 2 3 1 
5 3 2 2 2 2 1 2 1 2 1 1 1 2 1 2 2 2 1 1 
5 3 2 2 2 2 1 2 1 2 1 1 1 2 1 2 2 2 1 1 
5 3 2 2 2 2 1 2 1 2 1 1 1 2 1 2 2 2 1 1 
5 3 2 2 2 2 1 2 1 2 1 1 1 2 1 2 2 2 1 1 
5 3 2 2 2 2 1 2 1 2 1 1 1 2 1 2 2 2 1 1 
5 3 2 2 2 2 1 2 1 2 1 1 1 2 1 2 2 2 1 1 
5 3 2 2 2 2 1 65 3 1 2 1 2 1 1 4 2 2 1 2 
5 3 2 2 2 2 1 36 3 1 2 1 2 1 1 4 2 2 1 2 
5 3 2 2 2 2 1 23 2 1 2 1 2 1 1 3 2 2 1 1 
5 3 2 2 2 2 1 137 3 1 2 1 2 1 1 3 2 2 1 2 
5 3 2 2 2 2 1 41 2 1 2 2 1 1 2 3 3 2 1 1 
5 3 2 2 2 2 1 128 2 2 1 1 2 1 2 3 3 2 2 1 
5 3 2 2 2 2 1 2 1 2 1 1 1 2 1 2 2 2 1 1 
5 3 2 2 2 2 18 2 3 1 2 1 1 2 1 3 2 2 1 1 
5 3 2 2 2 2 1 2 1 2 1 1 1 2 1 2 2 2 1 1 
5 3 2 2 2 2 1 2 1 2 1 1 1 2 1 2 2 2 1 1 
5 3 2 2 2 2 1 2 1 2 1 1 1 2 1 2 2 2 1 1 
5 3 2 2 2 2 1 47 2 2 1 2 2 1 1 4 2 2 2 1 
5 3 2 2 2 2 1 142 2 2 2 1 43 1 2 4 3 2 2 1 
5 3 2 2 2 2 1 2 1 2 1 1 356 2 1 6 3 3 2 1 
5 3 2 2 2 2 1 50 2 2 2 1 43 1 2 4 3 2 2 2 
5 3 2 2 2 2 1 2 1 2 1 1 72 30 2 5 3 2 3 1 
5 3 2 2 2 2 1 2 1 2 1 1 70 1 20 4 3 2 2 2 
5 3 2 2 2 2 1 39 2 2 1 36 295 2 2 6 5 71 3 2 
5 3 2 2 2 2 1 182 2 5 2 33 166 4 4 8 6 118 5 3 
5 3 2 2 2 2 1 247 4 57 2 37 227 2 3 4 22 107 3 3 
5 3 2 2 2 2 5 261 5 2 45 66 503 25 2 12 21 53 6 4 
5 3 2 2 14 2 1 159 2 2 21 35 678 3 3 46 10 61 18 3 
5 3 2 2 2 2 41 174 3 3 23 37 542 3 2 22 8 127 35 30 
5 3 2 2 2 2 69 327 3 3 2 24 743 3 2 8 6 71 4 2 
5 3 2 2 2 2 98 574 4 4 4 46 1111 22 3 9 5 54 3 2 
5 3 63 3 14 2 46 466 4 2 21 63 922 3 2 9 6 88 4 3 
5 3 6 5 15 2 29 452 5 2 3 3 1382 6 22 8 5 257 4 14 
5 3 72 3 1 2 66 436 4 2 3 2 1300 5 3 55 7 577 5 3 
5 3 69 6 15 2 2 478 5 46 3 13 1408 7 3 11 6 281 12 4 
5 3 41 28 16 2 2 362 23 56 2 1 1443 25 5 42 25 514 23 5 
5 3 41 14 3 2 1 205 116 68 2 1 1110 363 6 28 7 385 46 5 
5 3 2 63 2 2 2 88 169 4 3 26 451 1000 3 9 7 241 592 4 
5 3 2 33 3 2 1 13 405 4 3 13 265 1073 5 50 11 243 379 23 
5 3 2 32 6 2 2 2 314 64 2 3 65 1432 5 10 6 55 421 29 
5 3 2 16 32 2 1 30 158 125 2 2 1 872 435 27 6 4 352 20 
5 3 2 2 110 2 2 2 99 315 28 19 123 305 835 20 16 56 132 542 
5 3 2 2 95 2 2 1 2 375 10 5 2 118 977 14 7 28 375 355 
53 19 45 20 99 29 3 35 30 357 29 27 15 58 1155 37 24 17 46 302 
5 3 2 2 33 2 1 2 1 182 2 1 1 1 1013 6 3 3 2 440 
5 3 2 2 2 2 1 2 1 121 1 2 1 1 515 5 4 2 2 323 
5 3 2 2 2 2 1 2 1 78 1 33 2 46 99 5 3 3 14 146 
5 3 2 2 2 2 1 2 1 51 2 1 25 56 25 16 3 21 9 50 
5 3 2 2 2 2 1 2 1 2 11 5 1 2 1 12 3 2 2 1 
5 3 2 2 2 2 1 2 1 2 11 5 1 2 1 29 9 7 2 2 
5 3 2 2 2 2 1 2 1 2 1 1 1 2 1 2 2 2 1 1 
5 3 2 2 2 2 1 2 1 2 1 1 1 2 1 13 3 8 37 2 
5 3 2 2 2 2 1 2 1 2 1 1 1 2 1 2 2 2 1 1 
5 3 2 2 2 2 1 2 1 2 1 1 1 2 1 18 3 2 2 2 
5 3 2 2 2 2 1 2 1 2 1 1 1 2 1 2 2 2 1 1 
5 3 2 2 2 2 1 2 1 2 1 1 1 2 1 2 2 2 1 1 
5 3 2 2 2 2 1 2 1 2 1 1 1 2 1 2 2 2 1 1 
