5 3 2 2 2 2 1 2 1 2 21 1 2 2 1 31 4 2 1 1 
5 3 2 2 2 2 1 2 1 2 1 1 1 2 1 2 2 2 1 1 
5 3 2 2 2 2 1 2 1 2 1 1 1 2 1 2 2 2 1 1 
5 3 2 2 2 2 1 2 1 2 1 1 1 2 1 2 2 2 1 1 
5 3 2 2 2 2 1 2 1 2 1 1 1 2 1 80 4 2 1 2 
5 3 2 2 2 2 1 2 1 2 1 1 1 2 1 2 2 2 1 1 
5 3 2 2 2 2 1 2 1 2 1 1 1 2 1 2 2 2 1 1 
5 3 2 2 2 2 1 2 1 2 1 1 1 2 1 18 2 8 2 1 
5 3 2 2 2 2 1 2 1 2 1 1 1 2 1 2 2 2 1 1 
5 3 2 2 2 2 1 2 1 2 1 1 1 2 1 2 2 2 1 1 
5 3 2 2 2 2 1 2 1 2 1 1 1 2 1 2 2 2 1 1 
5 3 2 2 2 2 18 2 1 2 1 1 2 1 1 3 2 2 2 1 
5 3 2 13 5 2 2 1 3 2 2 2 1 1 1 3 3 2 1 1 
5 3 2 2 2 2 1 2 1 2 1 1 1 2 1 2 2 2 1 1 
5 3 2 2 2 2 1 2 1 2 1 1 1 2 1 2 2 2 1 1 
5 3 2 2 2 2 1 2 1 2 1 1 1 2 1 2 2 2 1 1 
5 3 2 2 2 2 1 2 1 2 1 1 1 2 1 2 2 2 1 1 
5 3 2 2 2 2 1 2 1 2 1 1 1 2 1 2 2 2 1 1 
5 3 2 2 2 2 1 2 1 2 1 1 1 2 1 2 2 2 1 1 
5 3 2 2 2 2 1 2 1 2 1 1 1 2 1 2 2 2 1 1 
5 3 2 2 2 2 1 2 1 20 1 2 38 1 29 4 2 37 3 2 
5 3 2 2 2 2 1 2 1 2 1 1 1 2 1 2 2 2 1 26 
5 3 2 2 2 2 1 2 1 70 2 1 1 62 57 4 3 2 17 24 
5 3 2 2 2 2 1 2 1 25 1 2 1 1 378 5 4 3 2 279 
5 3 2 2 2 2 1 2 1 326 2 1 2 23 724 6 3 3 2 189 
5 3 2 2 66 2 2 2 28 149 2 2 1 38 1099 5 3 3 16 241 
5 3 2 2 177 2 1 2 1 427 3 2 1 42 1621 8 6 4 77 365 
5 3 2 2 60 1 2 2 55 338 2 2 39 242 1100 8 5 4 308 278 
5 3 2 35 23 1 2 24 102 293 3 1 24 639 756 7 4 5 4 150 
5 3 2 58 6 2 2 2 191 54 2 2 30 1428 132 8 5 31 556 87 
5 3 2 59 3 2 1 2 300 23 3 2 22 1145 19 10 6 228 478 99 
5 3 34 30 3 2 1 32 232 3 2 2 347 1448 4 7 3 84 246 6 
5 3 27 15 3 2 1 105 216 6 2 1 878 626 25 6 5 361 366 4 
5 3 38 6 2 2 2 258 84 4 2 3 1204 215 4 9 5 441 179 3 
5 3 53 3 2 2 2 288 70 2 3 2 1599 76 7 6 3 242 8 2 
5 3 48 3 2 2 1 571 6 3 2 62 1793 41 5 9 8 489 32 24 
5 3 2 2 2 2 1 793 4 76 4 2 1371 23 4 12 56 351 10 5 
37 3 12 5 13 4 200 433 4 4 66 72 740 6 2 9 30 387 7 13 
106 28 2 2 2 3 89 280 7 40 32 43 494 27 3 66 8 118 8 7 
5 3 2 2 14 2 36 136 2 3 1 76 429 17 4 18 8 150 9 8 
5 3 2 2 2 2 42 133 2 1 2 92 319 2 13 7 11 120 4 4 
5 3 2 2 2 2 32 93 2 21 2 89 506 2 3 7 5 225 4 2 
5 3 2 2 2 2 12 211 2 2 2 79 745 2 2 6 11 158 5 6 
5 3 2 2 2 2 1 324 2 2 2 88 459 3 3 8 6 4 35 2 
5 3 2 2 2 2 24 311 3 2 2 30 497 2 2 5 3 5 2 1 
5 3 2 2 2 2 1 264 3 2 2 55 392 3 4 7 5 127 4 4 
5 3 2 2 2 2 1 139 6 34 2 36 288 26 17 5 5 98 5 3 
5 3 2 2 2 2 1 2 1 2 1 15 95 2 1 4 4 86 2 2 
5 3 2 2 2 2 1 30 4 1 2 21 4 2 1 4 2 3 1 2 
5 3 2 2 2 2 1 2 1 2 1 1 1 2 1 2 2 2 1 1 
5 3 2 2 2 2 1 2 1 2 1 1 1 2 1 2 2 2 1 1 
5 3 2 2 2 2 1 2 1 2 1 1 1 2 1 2 2 2 1 1 
5 3 2 2 2 2 1 17 2 1 2 1 2 1 1 3 2 2 1 1 
5 3 2 2 2 2 1 2 1 2 1 1 1 2 1 2 2 2 1 1 
5 3 2 2 2 2 1 67 2 1 2 1 2 1 1 3 3 1 2 1 
5 3 2 2 2 2 1 2 1 2 1 1 1 2 1 2 2 2 1 1 
5 3 2 2 2 2 1 2 1 2 1 1 1 2 1 2 2 2 1 1 
5 3 2 2 2 2 1 2 1 2 1 1 1 2 1 2 2 2 1 1 
5 3 2 2 2 2 1 2 1 2 1 1 1 2 31 3 3 1 2 25 
5 3 2 2 2 2 1 2 1 2 1 1 1 2 151 4 3 2 2 128 
5 3 2 2 2 2 1 2 1 2 1 1 1 2 295 5 3 2 2 164 
5 3 2 2 2 2 1 103 2 2 2 1 2 58 354 6 4 3 36 487 
5 3 2 2 2 2 1 185 2 2 2 1 2 188 433 6 5 4 221 358 
18 5 2 2 2 2 3 133 3 6 2 2 3 382 462 8 5 3 278 358 
13 42 19 2 5 2 2 134 2 3 2 1 91 392 113 7 6 97 509 180 
5 3 2 13 5 2 2 184 5 55 2 2 339 402 52 17 16 502 365 33 
5 3 2 2 2 2 1 101 2 2 1 2 481 285 2 8 96 677 221 6 
5 12 3 2 5 2 2 106 2 3 3 117 588 10 2 7 537 722 63 8 
5 3 21 4 3 2 2 146 3 2 2 224 854 3 1 6 696 613 23 5 
5 3 2 2 2 2 1 102 2 2 146 510 299 2 2 383 656 411 8 5 
5 3 2 2 2 2 1 75 3 1 183 386 4 1 2 516 577 81 47 7 
13 2 5 2 2 5 2 129 3 3 382 190 41 13 3 361 370 63 8 3 
5 3 2 2 2 2 1 2 1 2 469 3 1 2 1 558 42 7 4 3 
5 3 2 2 2 2 1 44 2 1 157 1 2 1 1 217 4 2 1 2 
5 3 2 2 2 2 1 25 2 1 2 1 2 1 2 3 2 2 2 1 
5 3 2 2 2 2 1 46 2 2 1 2 1 1 2 3 2 2 1 1 
5 3 2 2 2 2 1 2 1 2 1 1 1 2 1 2 2 2 1 1 
5 3 2 2 2 2 1 86 2 1 1 1 42 2 1 3 2 2 2 1 
5 3 2 2 2 2 1 2 1 2 1 1 1 2 1 2 2 2 1 1 
5 3 2 2 2 2 1 2 1 2 1 1 1 2 1 2 2 2 1 1 
5 3 2 2 2 2 1 2 1 2 1 1 1 2 1 2 2 2 1 1 
5 3 2 2 2 2 1 2 1 2 1 1 1 2 1 2 2 2 1 1 
5 3 2 2 2 2 1 2 1 2 1 1 1 2 1 2 2 2 1 1 
5 3 2 2 2 2 1 2 1 2 1 1 1 2 1 2 2 2 1 1 
5 3 2 2 2 2 1 2 1 2 1 1 1 2 1 2 2 2 1 1 
5 3 2 2 2 2 1 136 2 2 1 2 2 1 1 4 3 3 1 2 
5 3 2 2 2 2 1 123 2 2 1 2 1 2 1 3 3 2 2 1 
5 3 2 2 2 2 1 2 1 2 1 1 1 2 1 2 2 2 1 1 
5 3 2 2 2 2 1 2 1 2 1 1 1 2 1 2 2 2 1 1 
5 3 2 2 2 2 1 2 1 2 1 1 1 2 1 2 2 2 1 1 
5 3 2 2 2 2 1 2 1 2 1 1 1 2 1 2 2 2 1 1 
5 3 2 2 2 2 1 2 1 2 1 1 1 2 1 2 2 2 1 1 
5 3 2 2 2 2 1 2 1 2 1 1 1 2 1 2 2 2 1 1 
5 3 2 2 2 2 1 2 1 2 1 1 1 2 1 2 2 2 1 1 
5 3 2 2 2 2 1 78 2 1 2 1 2 1 1 3 2 2 1 1 
5 3 2 2 2 2 1 2 1 2 1 1 277 2 2 4 4 2 2 2 
5 3 2 2 2 2 1 2 1 37 1 1 180 2 1 5 4 2 2 2 
5 3 2 2 2 2 1 16 2 2 2 1 112 3 2 4 3 3 1 2 
14 2 3 2 5 4 3 116 3 3 1 2 100 4 3 4 4 3 2 2 
5 3 2 2 2 2 1 64 2 2 2 44 280 3 1 20 14 82 4 27 
5 3 2 2 2 2 1 165 3 1 2 47 173 2 2 6 4 5 2 2 
5 3 2 2 2 2 1 278 2 64 3 67 425 82 62 102 6 121 35 4 
5 3 2 2 2 2 11 244 4 35 21 72 482 4 2 8 7 128 9 3 
5 3 2 2 16 2 1 212 3 3 2 126 375 2 2 7 7 20 8 3 
5 3 2 2 2 2 28 144 7 3 1 79 556 7 2 8 5 110 16 2 
5 3 2 2 2 2 70 201 4 2 22 44 631 4 2 24 6 32 3 3 
5 3 2 2 17 2 76 486 4 3 26 38 902 3 2 24 4 103 4 2 
104 15 5 7 15 5 63 592 6 3 45 7 1193 5 3 118 96 101 94 50 
5 3 44 6 15 41 23 302 8 62 44 27 992 5 5 13 8 227 5 3 
5 3 56 3 2 2 55 391 4 3 2 3 1274 4 3 12 7 265 6 3 
5 3 65 3 1 2 2 462 5 3 2 34 1469 6 3 42 56 439 52 3 
5 3 29 6 15 2 1 279 4 81 2 1 1302 47 7 24 10 390 66 5 
5 3 47 28 3 1 2 178 162 3 2 2 1427 215 3 9 20 352 52 5 
5 3 36 30 2 2 37 137 153 3 3 2 898 716 2 10 6 488 79 8 
5 3 2 85 2 3 2 101 213 53 3 41 381 1259 5 8 7 189 596 5 
5 3 2 76 2 35 2 2 319 94 3 11 242 1475 54 66 11 276 667 91 
5 3 2 25 44 2 1 2 287 33 2 20 39 1384 7 53 18 52 205 27 
5 3 2 16 45 2 2 2 105 170 2 22 51 600 729 40 8 7 225 327 
5 3 2 2 140 3 2 1 23 284 11 4 69 321 722 23 10 40 345 223 
35 22 4 49 90 3 2 2 3 446 41 3 2 63 1246 31 9 20 135 423 
5 3 2 2 26 2 1 2 1 353 2 41 2 2 1357 8 7 4 2 522 
5 3 2 2 2 2 1 2 1 183 2 21 2 1 624 39 6 4 25 70 
5 3 2 2 2 2 1 2 1 57 2 21 2 15 198 24 4 23 2 408 
5 3 2 2 2 2 1 2 1 2 1 1 1 2 46 13 3 2 2 27 
5 3 2 2 2 2 1 2 1 2 1 1 1 2 1 14 2 2 1 2 
5 3 2 2 16 2 1 2 1 86 11 11 2 36 26 17 13 11 3 44 
5 3 2 2 2 2 1 2 1 2 1 1 1 2 1 13 2 8 2 1 
5 3 29 3 2 2 2 2 1 2 1 1 2 1 1 3 2 1 2 1 
5 3 2 2 2 2 1 2 1 30 1 1 27 27 4 4 2 3 2 1 
5 3 2 2 2 2 1 2 1 2 1 1 1 2 1 54 3 3 36 2 
5 3 2 2 2 2 1 2 1 2 1 1 1 2 1 2 2 2 1 1 
5 3 2 2 2 2 1 2 1 2 1 1 1 2 1 2 2 2 1 34 
5 3 2 2 2 2 1 2 1 2 1 1 1 2 1 2 2 2 1 1 
