5 81 419 78 14 2 29 132 152 17 2 3 3 3 2 102 3 2 3 1 
5 16 342 10 100 3 2 201 101 5 15 2 2 3 3 1 2 1 2 1 
5 3 15 2 12 30 69 43 78 3 4 3 15 3 3 1 2 1 2 2 
5 3 247 48 3 14 3 2 38 2 4 2 1 2 2 2 1 1 2 1 
5 3 38 3 25 2 2 41 17 2 2 1 2 2 8 1 1 1 1 1 
5 21 247 52 2 2 2 40 16 10 2 2 2 2 3 2 1 1 3 1 
5 3 187 6 2 31 2 135 19 2 62 46 6 2 2 4 1 2 2 2 
5 96 393 3 64 2 2 2 2 2 2 1 2 1 1 2 1 1 1 38 
5 17 227 3 5 2 3 2 2 1 2 2 1 2 1 33 2 2 1 1 
5 104 326 11 3 3 25 5 108 3 23 3 2 3 2 67 45 2 2 2 
5 28 7 49 96 2 2 2 16 3 2 1 1 2 1 43 1 1 1 1 
5 132 153 5 3 33 2 74 3 7 3 1 3 1 1 2 1 1 22 2 
5 140 280 7 16 15 16 4 3 6 28 3 2 3 2 34 3 2 1 3 
5 101 312 68 61 2 3 37 2 2 2 1 2 1 1 23 6 2 2 1 
5 42 231 74 79 1 3 2 123 3 2 1 1 2 1 1 1 0 1 1 
5 124 411 72 90 3 2 3 2 2 1 2 1 1 1 2 1 1 1 0 
16 76 451 16 78 2 2 108 3 19 14 2 3 2 2 4 1 1 2 34 
5 39 367 17 3 2 3 81 3 2 2 2 1 2 1 1 1 1 69 1 
5 106 430 68 45 2 3 15 3 3 55 2 23 3 1 3 1 36 1 1 
5 58 399 86 6 2 2 3 2 1 28 2 1 2 1 2 1 1 1 1 
5 84 385 3 2 33 2 2 2 1 3 1 1 2 1 1 1 1 1 1 
5 3 516 36 3 2 2 77 83 2 2 1 2 2 1 1 1 1 46 1 
5 31 401 6 3 2 3 2 2 2 2 2 1 2 1 2 28 2 1 27 
5 40 434 6 3 3 2 202 78 2 2 2 2 2 2 1 1 1 2 1 
5 116 552 93 3 2 2 46 195 2 31 2 83 5 3 27 2 24 2 1 
5 211 462 103 3 20 3 2 32 1 3 1 1 2 1 1 1 1 1 1 
5 280 613 103 3 3 2 3 105 2 2 1 2 2 1 1 1 2 1 1 
5 267 454 96 3 3 2 237 212 3 2 1 2 2 1 1 2 1 1 1 
5 297 482 11 3 3 2 82 66 51 2 1 65 3 2 1 1 2 1 2 
5 172 462 107 3 3 2 32 39 3 3 1 3 2 28 1 2 1 2 1 
5 338 434 120 77 3 2 11 44 5 44 2 2 2 1 3 1 1 1 32 
5 265 440 5 3 14 23 4 10 3 2 3 3 1 2 19 14 3 1 2 
5 245 244 5 3 2 65 68 22 2 2 2 83 4 40 1 1 2 2 1 
5 255 386 3 2 2 2 6 56 3 50 1 2 2 1 3 1 1 1 1 
5 204 632 22 3 2 54 17 15 2 2 2 1 2 1 2 1 1 1 1 
5 138 712 5 3 2 3 8 6 2 2 2 1 2 1 2 2 1 56 1 
5 128 463 16 3 3 2 3 2 1 2 2 1 1 1 2 1 1 1 1 
5 248 724 50 3 3 3 3 90 3 2 2 5 2 2 2 1 2 1 1 
5 133 379 3 37 2 2 2 34 62 1 2 1 2 1 1 1 1 1 1 
5 129 519 7 2 3 2 2 7 5 3 1 2 1 1 2 1 1 1 1 
5 119 691 44 66 42 3 119 149 4 14 2 121 33 2 3 21 2 2 1 
5 121 434 72 6 3 3 2 82 2 2 2 12 6 1 2 1 2 2 1 
5 70 358 3 7 3 2 3 2 1 2 2 6 1 2 1 2 1 1 43 
5 139 674 81 32 3 2 3 2 2 2 2 1 1 2 1 1 37 29 2 
5 113 518 5 2 2 3 72 2 1 2 1 31 1 2 1 1 2 1 0 
5 256 593 17 23 14 4 2 124 3 2 3 1 31 2 87 2 1 2 1 
5 112 442 83 3 3 2 2 16 3 43 2 2 5 2 5 1 1 1 2 
5 117 461 103 3 3 2 3 2 2 2 1 2 1 1 32 1 1 1 1 
5 248 832 127 46 2 3 110 11 45 2 1 3 1 2 22 3 1 15 1 
5 191 757 69 45 2 3 76 82 23 1 2 2 2 2 1 1 1 2 0 
5 188 446 112 3 2 3 15 11 2 2 1 30 3 1 2 1 2 1 1 
5 398 864 117 3 38 2 455 228 3 79 83 191 4 2 2 2 2 1 34 
5 280 769 98 3 3 3 301 221 2 2 2 45 3 1 2 1 2 1 1 
5 320 561 117 3 3 20 69 26 2 3 2 2 1 2 2 1 2 1 1 
5 306 541 8 3 3 2 286 6 2 2 1 2 2 2 1 1 1 2 1 
5 285 869 7 3 103 4 144 10 2 3 2 2 2 1 2 1 1 1 1 
5 204 659 50 3 3 73 321 351 2 59 2 100 3 1 2 1 42 2 1 
5 250 908 100 4 2 3 154 34 2 44 2 2 21 2 32 46 2 41 1 
5 208 857 94 3 2 92 310 289 2 3 2 58 155 2 60 1 2 2 1 
5 210 809 97 3 2 3 52 51 2 2 2 20 30 2 1 2 1 1 2 
12 195 725 86 3 2 5 102 83 4 2 2 4 14 3 2 2 3 2 42 
5 200 607 96 3 3 2 2 27 26 56 2 18 11 2 2 1 2 1 1 
5 180 784 5 3 3 2 3 19 6 2 2 2 2 2 1 2 18 46 49 
2 189 840 40 2 1 2 2 16 2 1 1 7 74 45 1 1 1 1 39 
5 236 547 9 3 3 2 80 3 2 2 1 3 1 2 13 2 1 1 93 
5 220 558 51 250 3 3 3 2 485 3 1 2 5 159 3 1 1 2 39 
18 149 499 6 480 3 5 3 2 1013 2 2 17 3 232 2 2 68 3 237 
5 95 523 5 528 3 3 14 3 1048 17 3 4 3 386 3 3 2 2 250 
2 33 424 64 537 134 4 301 193 1003 128 3 40 15 529 3 3 5 3 284 
2 157 480 45 562 3 3 35 25 1015 44 2 3 11 652 3 6 1 2 321 
2 141 445 3 536 2 3 3 2 1071 2 2 2 111 699 3 1 2 136 337 
2 161 529 123 301 2 2 2 402 664 2 2 2 217 552 2 1 2 218 212 
2 121 416 361 285 2 3 2 679 717 2 2 1 229 615 36 40 2 114 88 
26 126 613 487 61 3 52 3 1089 476 24 14 3 326 441 42 41 38 166 39 
2 108 430 328 28 17 22 94 1275 288 4 3 21 619 328 3 3 3 302 56 
2 207 684 395 109 2 4 80 1548 162 3 2 3 919 239 3 2 2 299 6 
2 142 309 468 16 2 3 180 1747 7 3 3 3 940 3 3 2 3 304 60 
2 120 334 442 60 2 3 76 1647 5 2 2 104 883 4 2 2 36 298 33 
2 1 395 306 69 2 3 482 1237 62 2 2 338 682 3 2 2 96 277 30 
2 98 465 249 49 2 2 603 1161 33 2 1 386 769 13 2 1 80 112 54 
2 71 639 154 91 2 2 967 772 2 2 2 267 701 68 2 2 127 82 40 
2 105 498 55 50 2 3 1407 556 85 2 2 617 444 4 2 2 210 84 13 
2 64 708 45 54 2 3 1527 341 44 2 2 849 344 3 3 22 255 60 69 
2 21 523 99 2 42 32 1609 151 63 104 119 945 154 4 2 2 167 65 2 
2 27 457 2 35 2 30 1634 3 48 2 3 1142 6 2 2 2 200 47 22 
2 85 410 21 49 2 2 1570 46 33 2 2 1057 7 2 3 3 249 75 2 
2 14 449 67 3 2 2 1823 4 2 2 12 1123 2 2 3 2 214 58 11 
2 89 593 2 34 2 502 1409 25 2 2 55 1199 2 2 2 2 45 46 2 
2 193 462 4 2 2 859 1076 3 32 2 208 868 5 3 2 2 94 32 23 
2 135 349 45 143 2 888 1225 273 109 2 430 1015 13 4 21 3 97 23 23 
2 142 261 56 95 1 726 940 11 74 1 455 723 3 3 2 2 86 50 3 
2 164 217 23 110 2 1007 627 263 83 22 703 418 7 3 3 2 50 2 1 
2 201 377 65 94 2 834 499 135 104 2 887 363 91 5 2 2 43 22 2 
2 141 297 71 79 2 1171 362 26 57 95 1092 270 21 3 3 2 19 50 6 
2 252 385 5 158 2 1224 16 3 85 15 1124 110 17 37 3 3 5 4 3 
2 302 328 97 154 58 1197 218 213 118 52 772 80 4 4 3 29 25 4 53 
2 266 419 86 63 142 1052 327 290 5 45 933 125 12 5 3 4 6 51 3 
2 210 493 3 134 287 796 5 3 54 2 1060 44 5 4 15 2 4 4 2 
13 356 405 40 119 375 791 194 189 109 9 1219 75 4 5 4 4 4 3 2 
41 337 387 5 84 525 627 87 4 60 203 877 7 3 3 4 3 2 2 2 
104 120 463 73 51 495 509 4 3 41 298 775 114 3 2 3 27 30 2 2 
83 194 522 67 115 527 446 3 2 79 434 708 6 2 3 7 3 2 2 1 
76 222 630 3 42 827 202 5 3 3 479 522 52 3 2 4 3 4 2 3 
96 265 567 52 25 798 47 4 2 2 701 334 2 1 2 5 2 2 1 1 
66 246 494 3 2 859 4 2 3 2 936 184 58 2 2 7 3 2 1 29 
118 313 585 46 2 875 4 3 2 3 981 94 2 2 1 3 3 1 1 1 
107 362 576 2 2 823 4 2 2 2 873 63 2 2 1 2 3 1 0 1 
117 283 653 2 2 894 7 4 2 1 963 14 4 1 1 9 2 1 1 1 
47 278 581 49 37 593 112 125 3 3 904 66 110 29 1 2 2 2 1 23 
69 273 721 5 40 717 5 16 3 30 813 3 3 2 2 9 1 1 2 1 
32 229 706 5 85 413 4 3 1 3 550 46 3 2 2 11 3 2 1 2 
5 147 691 97 74 183 4 2 2 3 429 42 69 2 2 6 3 2 34 1 
5 61 872 6 59 190 65 125 72 43 584 76 3 2 2 5 2 1 2 1 
5 151 598 5 3 3 2 2 2 2 173 2 1 2 2 8 1 2 1 1 
5 104 774 5 3 2 3 185 2 2 111 46 3 1 1 6 3 1 1 1 
5 118 625 5 3 2 3 2 2 2 2 2 1 1 2 1 1 1 1 1 
5 23 677 43 73 3 2 3 2 48 44 3 1 60 2 5 2 1 2 1 
5 52 765 56 4 2 2 3 2 2 1 2 1 8 1 1 1 1 1 21 
5 98 773 68 44 2 3 2 3 58 42 2 1 23 3 3 1 25 1 2 
2 70 972 46 41 2 2 2 2 2 1 2 1 24 1 1 1 1 1 1 
2 287 916 107 45 2 2 81 3 2 2 1 2 1 91 1 1 1 1 1 
22 148 739 27 2 6 2 3 2 2 1 2 1 1 1 2 1 33 30 21 
5 334 849 24 103 2 3 2 2 49 2 1 1 1 2 2 1 1 1 24 
5 190 663 7 43 2 65 72 2 81 1 3 2 55 3 1 1 2 32 1 
5 249 678 6 40 2 3 2 26 41 2 2 1 1 3 1 74 30 25 55 
5 268 819 78 73 142 176 325 239 5 136 5 75 136 2 97 2 2 2 22 
20 127 612 46 3 4 68 98 5 3 40 8 2 3 1 3 2 1 53 2 
5 142 604 6 19 2 3 2 2 46 2 2 1 2 2 1 52 27 24 62 
5 130 678 7 6 2 3 2 66 2 91 2 2 1 2 35 1 2 1 40 
5 224 900 44 3 2 2 3 2 14 68 2 169 28 2 81 1 38 2 1 
5 150 786 70 4 2 3 165 4 1 73 2 33 2 1 3 40 3 68 27 
5 92 806 111 4 483 4 2 2 15 48 69 3 1 2 2 2 1 1 2 
84 169 829 136 3 642 136 5 3 3 436 8 2 2 2 39 3 1 2 43 
195 187 775 103 4 534 78 3 38 2 520 3 3 2 1 43 2 2 1 2 
258 246 664 31 3 828 4 70 8 3 818 3 3 64 2 7 59 44 3 2 
271 97 553 22 4 928 8 26 122 6 822 5 3 3 2 76 4 2 25 35 
288 201 695 25 3 941 4 148 46 2 1131 44 3 3 28 48 42 1 15 3 
192 148 636 16 3 880 65 98 3 2 1103 5 3 2 2 6 57 22 20 21 
274 179 758 33 3 966 7 124 4 3 1255 5 106 4 2 50 77 3 43 20 
133 216 575 26 2 894 126 15 3 2 896 88 2 2 2 80 67 54 1 32 
144 151 729 90 2 711 319 92 4 2 935 450 6 2 2 42 101 24 27 4 
114 264 508 65 3 663 463 23 16 3 862 509 4 3 5 3 143 21 2 2 
47 349 649 47 2 390 628 3 2 2 690 803 2 1 2 89 93 28 2 27 
2 404 652 3 3 244 736 4 2 45 254 1026 94 3 46 2 186 63 42 19 
2 380 585 74 3 168 967 68 4 2 192 1152 20 77 5 94 157 53 4 1 
11 313 511 5 2 108 1066 5 2 2 72 1328 15 5 2 34 130 56 4 27 
2 432 526 3 2 3 1118 121 3 3 7 1383 64 3 3 2 190 67 83 2 
2 314 775 3 294 50 883 826 268 139 214 1042 263 146 76 70 115 82 37 42 
2 182 631 125 145 17 693 855 384 86 102 772 643 162 24 76 113 106 34 5 
2 171 714 92 171 52 902 952 211 7 82 596 705 4 24 4 104 198 99 35 
2 94 704 187 503 42 522 853 579 105 120 354 821 163 36 4 4 112 37 64 
13 34 858 104 93 3 441 1261 91 23 82 264 924 10 11 57 88 317 93 81 
2 91 581 3 35 2 300 1507 3 3 2 95 1044 116 7 2 5 182 109 34 
2 136 1122 118 177 2 453 1933 737 69 145 207 1285 358 22 86 63 158 160 86 
25 115 1131 125 3 2 164 1853 633 3 3 3 1033 376 2 2 2 124 150 98 
2 1 661 277 67 3 2 1559 624 4 54 17 453 480 3 23 62 111 264 4 
2 104 665 340 3 27 19 605 792 16 77 4 409 776 4 2 24 110 268 56 
2 99 361 533 216 42 139 679 1277 5 89 5 117 972 6 79 4 4 266 73 
5 66 572 651 109 3 58 555 1484 7 25 6 229 1100 10 4 3 85 352 111 
5 3 427 561 9 25 21 26 1175 241 6 17 75 885 369 20 92 9 165 178 
2 37 525 550 459 2 53 680 1667 263 2 295 182 939 331 145 64 113 309 210 
2 27 596 181 332 1 137 189 1445 380 3 35 4 879 403 3 42 3 121 273 
2 58 652 136 550 121 139 207 1307 643 77 5 130 479 577 120 57 45 71 285 
2 174 630 47 674 2 156 59 489 830 138 143 200 238 921 95 117 16 31 338 
2 156 558 68 482 2 3 290 229 914 3 2 4 42 879 94 5 126 67 474 
2 106 336 61 573 16 3 96 3 811 3 3 2 2 1038 26 54 15 5 269 
47 5 354 33 718 63 191 340 181 1066 65 4 98 59 615 247 119 88 146 276 
2 153 575 3 413 1 3 499 170 868 3 2 18 7 487 16 51 5 2 292 
5 55 548 86 452 3 36 79 79 682 45 31 3 3 468 80 113 42 87 385 
19 169 529 64 447 5 14 74 71 661 66 38 56 101 333 3 22 30 15 415 
5 139 744 59 482 3 2 32 3 727 3 2 3 2 741 3 2 2 1 516 
2 193 794 93 455 85 3 3 27 824 3 3 2 52 1019 3 3 2 3 564 
2 116 813 115 599 62 4 42 4 851 37 39 165 38 1205 79 48 71 162 755 
