3 3 2 2 2 2 1 2 1 1 2 1 1 1 1 1 1 1 1 1 
3 17 6 3 2 2 2 1 7 2 1 2 1 1 2 1 1 1 1 0 
3 3 2 2 2 2 1 2 1 1 2 1 1 1 1 1 1 1 1 1 
3 3 2 2 2 2 1 2 1 1 2 1 1 1 1 1 1 1 1 1 
1 1 1 1 1 0 1 0 7 1 0 1 0 1 0 1 0 0 1 0 
1 1 1 1 1 0 1 0 1 0 1 0 1 0 1 0 0 1 0 0 
1 1 1 1 1 0 1 0 1 0 1 0 1 0 1 0 0 1 0 0 
1 1 1 1 1 0 1 0 7 1 0 1 0 1 0 1 0 0 1 0 
1 1 1 1 1 0 1 0 1 0 1 0 1 0 1 0 0 1 0 0 
1 1 1 1 1 0 1 0 1 0 1 0 1 0 1 0 0 1 0 0 
1 1 1 1 1 0 1 0 7 1 0 1 0 1 0 1 0 0 1 0 
1 1 1 1 1 0 1 0 1 0 1 0 1 0 1 0 0 1 0 0 
1 1 1 1 1 0 1 0 7 4 1 0 1 1 0 1 0 1 0 0 
3 3 2 2 2 2 1 2 1 1 2 1 1 1 1 1 1 1 1 1 
1 1 1 1 1 0 1 0 1 0 1 0 1 0 1 0 0 1 0 0 
1 1 39 1 1 1 1 1 7 0 1 1 0 1 0 1 0 0 1 0 
1 1 39 1 1 1 1 1 6 1 0 1 0 1 0 1 1 0 0 1 
3 17 6 3 2 2 2 1 2 1 2 1 1 1 1 1 1 1 1 1 
1 1 1 1 1 0 1 0 1 0 1 0 1 0 1 0 0 1 0 0 
1 1 1 1 1 0 1 0 1 0 1 0 1 0 1 0 0 1 0 0 
1 1 21 2 1 0 1 13 1 0 1 1 0 1 0 1 0 1 0 0 
1 1 1 1 1 0 1 0 1 0 1 0 1 0 1 0 0 1 0 0 
1 14 2 1 1 0 1 1 0 1 0 1 0 0 1 0 1 0 0 1 
1 1 11 5 1 1 1 0 1 0 1 1 0 1 0 1 0 0 1 0 
1 16 65 2 1 1 1 2 1 0 1 1 0 1 1 0 1 0 1 0 
3 3 2 2 2 2 1 2 1 1 2 1 1 1 1 1 1 1 1 1 
1 25 19 3 0 1 1 1 1 0 1 0 1 0 0 1 0 0 1 0 
1 9 70 2 1 1 2 1 0 1 1 1 1 0 1 1 0 1 0 1 
1 16 46 1 1 1 1 1 1 1 0 1 0 1 0 1 0 1 0 1 
1 11 36 1 1 1 1 1 1 0 1 0 1 1 0 1 0 0 1 0 
1 27 2 1 1 1 1 0 1 0 1 0 1 0 1 0 1 0 0 0 
1 1 35 1 1 1 0 1 12 0 1 1 0 1 1 0 1 0 1 0 
3 17 7 2 2 2 2 1 2 1 2 1 1 1 1 1 1 1 1 1 
1 16 5 1 1 1 1 0 1 0 1 1 0 1 0 1 0 0 1 0 
1 52 92 2 1 0 2 1 0 0 1 1 0 0 1 0 1 0 0 1 
1 18 42 2 1 1 0 2 0 1 0 1 0 1 0 1 0 1 0 0 
1 1 1 1 1 0 1 0 1 0 1 0 1 0 1 0 0 1 0 0 
1 1 1 1 1 0 1 0 1 0 1 0 1 0 1 0 0 1 0 0 
1 1 24 1 1 1 1 1 1 0 1 1 0 1 0 1 0 0 1 0 
1 10 5 1 1 1 0 1 1 0 1 0 1 0 1 0 1 0 0 1 
1 1 1 1 1 0 1 0 1 0 1 0 1 0 1 0 0 1 0 0 
1 16 63 2 1 1 1 1 1 0 1 1 0 1 0 1 0 1 0 1 
1 16 22 2 1 1 1 1 1 0 1 0 1 1 0 1 0 0 1 0 
1 16 5 1 1 1 1 0 1 0 1 1 0 1 0 1 0 0 1 0 
1 1 1 1 1 0 1 0 1 0 1 0 1 0 1 0 0 1 0 0 
1 16 83 2 1 1 1 1 0 1 1 1 0 1 1 0 1 0 1 0 
1 19 60 1 1 1 1 1 1 0 1 0 1 0 1 0 1 0 1 0 
1 14 63 2 1 1 1 1 7 0 1 1 0 1 0 1 1 0 0 1 
1 32 130 2 1 1 1 1 1 0 1 0 1 1 0 1 0 0 1 0 
3 21 111 3 2 2 3 2 7 5 2 1 2 1 1 1 2 1 1 1 
1 1 1 1 1 0 1 0 1 0 1 0 1 0 1 0 0 1 0 0 
1 42 41 2 1 1 1 1 6 0 1 1 0 1 0 1 1 0 0 1 
1 30 62 2 1 0 1 1 1 0 1 0 1 0 0 1 0 1 0 0 
1 71 157 2 1 1 1 1 1 0 1 1 0 1 1 0 1 0 1 0 
1 39 144 1 1 1 2 1 0 1 1 0 1 1 0 1 0 1 0 1 
1 28 203 2 1 1 1 2 5 1 1 1 1 1 0 1 1 0 1 0 
1 1 27 1 1 1 0 1 1 0 1 0 1 0 0 1 0 1 0 0 
1 9 153 23 1 1 1 1 14 1 1 0 1 1 0 1 1 0 1 0 
1 27 107 2 1 1 2 1 1 0 1 1 1 0 1 0 1 0 1 0 
1 23 97 49 2 1 1 10 5 1 1 1 1 4 1 0 1 1 0 1 
1 1 177 36 1 1 1 0 1 1 1 1 0 1 0 1 0 1 0 1 
3 3 35 3 2 2 1 2 2 1 1 2 1 1 1 1 1 1 1 0 
1 16 77 1 1 1 1 1 1 1 0 1 0 1 0 1 0 1 0 0 
1 9 84 2 1 1 1 1 1 1 1 0 14 6 1 0 1 1 1 0 
1 9 36 2 0 1 1 1 1 0 1 0 1 0 1 0 1 0 0 70 
3 10 7 2 2 2 2 2 1 219 2 1 1 1 2 2 1 1 0 1 
3 25 4 2 147 2 2 2 2 324 2 2 1 2 113 1 2 1 1 1 
3 3 37 2 220 2 3 2 2 295 2 2 2 1 169 2 1 2 1 44 
2 1 11 6 195 1 2 2 2 268 2 1 2 2 186 2 1 2 1 58 
2 16 3 1 240 2 3 2 1 228 6 2 3 2 312 2 1 2 1 74 
2 0 1 1 188 1 1 1 1 302 2 1 1 1 183 2 1 1 2 168 
2 15 6 2 233 2 3 2 37 269 2 3 2 64 172 2 2 2 38 103 
2 14 41 32 69 2 1 1 208 172 2 1 1 130 175 2 1 1 29 78 
2 13 45 202 55 2 1 1 296 134 1 2 1 52 193 2 1 1 2 17 
2 15 42 190 5 2 2 3 489 107 3 2 2 140 64 1 2 1 113 8 
2 1 34 136 2 1 2 2 471 64 2 1 2 334 79 2 2 1 184 3 
2 1 1 146 2 2 2 42 357 3 2 2 2 368 5 2 1 2 27 3 
2 1 1 128 2 1 2 17 457 3 1 2 2 309 3 1 2 2 232 3 
2 0 1 164 2 1 1 50 408 2 2 2 147 294 2 1 1 2 51 1 
2 0 72 49 1 1 1 101 227 2 2 1 126 251 2 2 1 57 86 1 
2 0 136 22 2 1 0 294 204 1 2 1 29 250 2 2 1 1 32 1 
2 13 133 22 1 2 1 475 116 2 1 1 176 189 1 1 1 1 16 1 
2 1 158 6 1 2 2 566 63 2 2 2 219 85 1 2 1 101 11 2 
2 1 117 5 2 2 2 569 3 2 2 2 242 49 3 1 2 94 3 1 
2 0 74 1 1 1 1 537 2 2 1 2 394 4 1 3 1 121 1 1 
2 0 36 1 1 1 0 451 2 1 2 1 417 4 2 2 1 80 2 1 
2 0 96 2 1 1 1 459 2 1 2 1 379 1 2 2 1 19 1 2 
2 1 125 2 2 1 153 369 2 2 2 2 306 3 1 2 2 31 1 1 
2 22 90 2 1 2 302 154 2 1 2 14 347 2 1 2 2 2 1 1 
2 23 129 2 2 1 259 309 3 2 2 100 321 4 2 1 2 1 2 1 
2 26 100 2 2 1 239 252 2 2 2 157 357 2 1 2 2 15 5 1 
2 28 5 2 1 1 238 202 2 2 2 270 164 2 2 1 2 2 2 1 
2 20 6 0 1 1 274 222 2 1 1 361 88 1 1 2 1 1 1 1 
2 25 15 2 2 1 300 5 2 2 2 232 145 2 2 2 3 2 1 2 
2 49 2 2 1 1 277 3 2 2 2 347 5 2 2 2 2 2 2 1 
2 72 17 6 2 2 381 3 2 2 2 274 5 2 2 1 3 1 1 1 
2 78 37 13 2 2 330 4 2 2 6 287 2 2 2 2 4 2 1 1 
2 58 5 2 2 91 204 2 2 2 2 295 4 1 2 2 2 2 1 1 
2 82 55 2 2 67 247 4 1 2 2 360 2 2 1 2 1 2 1 1 
17 48 60 3 2 192 81 4 2 2 6 449 5 2 3 3 3 2 2 2 
23 73 57 2 1 134 78 3 1 2 203 176 1 2 1 6 2 1 2 1 
14 23 58 1 1 72 131 2 1 1 159 150 2 1 1 2 2 1 1 0 
28 4 115 2 1 124 97 2 1 2 84 283 1 1 2 1 2 1 2 0 
14 5 103 1 1 287 2 1 1 1 185 79 1 1 1 2 1 1 1 0 
44 20 82 1 1 239 2 2 1 1 273 5 1 2 1 4 1 1 2 0 
41 25 91 1 2 146 3 1 1 1 441 6 0 1 1 5 1 1 0 1 
41 22 64 1 1 135 3 2 1 1 291 2 1 1 1 2 1 1 0 1 
34 39 73 2 1 184 2 1 1 1 312 2 1 2 1 2 1 1 1 1 
38 27 47 2 0 109 3 1 1 0 383 1 1 0 1 1 1 0 1 0 
19 30 102 1 1 89 2 1 1 0 325 2 0 1 1 1 1 1 0 1 
1 1 1 1 1 0 1 0 1 0 1 0 1 0 1 0 0 1 0 0 
1 17 143 2 1 148 1 1 1 1 189 1 1 1 1 2 1 0 1 0 
3 3 2 2 2 2 1 2 1 1 2 1 1 1 1 1 1 1 1 1 
1 1 22 1 1 1 0 1 1 0 47 2 0 1 0 1 1 0 1 0 
1 16 81 1 2 1 1 1 1 0 1 1 1 0 1 0 1 0 1 0 
1 9 90 2 1 2 1 1 1 0 2 0 1 0 1 1 0 1 0 1 
1 9 148 2 1 1 1 1 1 0 1 1 0 1 0 1 0 1 0 1 
1 1 122 2 1 1 1 1 1 0 1 1 0 1 1 0 1 0 1 0 
1 1 145 1 1 2 0 2 1 0 1 1 1 0 1 0 1 0 1 0 
1 31 212 1 1 1 1 1 1 0 1 1 0 1 0 1 0 1 0 1 
2 19 167 1 2 1 1 1 1 0 1 1 1 0 1 0 1 0 1 0 
2 40 153 15 2 1 1 1 1 1 1 0 1 0 1 0 1 0 1 0 
1 35 151 3 1 1 1 1 1 1 0 1 1 0 1 0 1 0 1 0 
1 17 45 2 2 1 1 1 1 0 1 1 0 1 1 0 1 0 1 0 
1 26 48 2 1 1 1 1 1 0 1 0 1 0 1 0 1 0 0 1 
1 50 111 3 8 1 2 1 0 1 1 1 0 1 0 1 0 1 0 0 
3 3 135 3 2 3 1 2 2 2 1 2 1 1 1 1 2 1 0 1 
1 28 63 1 1 1 1 1 0 1 1 0 1 0 1 0 1 0 0 1 
1 1 100 1 1 1 1 1 0 1 1 0 1 0 1 0 1 0 0 1 
1 40 219 2 2 0 2 1 1 1 0 1 0 1 0 1 1 0 0 1 
1 1 104 2 0 1 1 1 1 0 1 1 0 1 0 1 0 1 0 0 
1 16 149 2 2 126 1 2 0 1 2 1 1 1 0 1 1 0 1 0 
1 28 100 1 1 266 2 1 0 1 55 5 1 0 1 2 1 0 1 0 
73 31 3 1 0 147 3 1 0 1 269 4 1 1 0 6 1 1 0 1 
105 18 3 0 1 188 3 0 1 1 251 1 1 0 1 2 1 0 1 1 
94 4 2 1 1 177 2 1 1 1 385 1 1 1 1 3 1 1 1 0 
68 3 45 3 2 293 2 2 2 1 386 2 1 2 1 2 1 1 2 1 
66 46 74 2 1 110 3 1 1 1 323 5 1 0 1 6 1 0 1 1 
49 21 50 2 1 166 2 5 0 1 502 5 2 1 1 4 1 1 1 1 
62 24 3 1 1 271 5 1 1 1 328 3 1 1 1 2 1 0 1 1 
14 17 49 2 1 163 112 2 1 1 338 100 1 1 1 9 7 1 1 1 
18 63 3 2 1 132 119 2 2 1 276 240 1 2 1 2 54 1 1 1 
26 51 22 3 1 81 131 4 2 2 354 168 2 2 2 2 26 2 1 2 
2 63 67 2 0 96 178 3 1 1 111 404 2 1 1 6 2 1 1 1 
2 87 21 3 2 69 254 3 2 2 15 404 2 1 2 2 43 2 1 1 
2 74 9 5 1 55 188 5 2 1 40 343 5 4 1 1 72 1 1 1 
2 84 7 1 2 1 207 6 2 1 2 584 4 3 2 2 66 2 1 2 
2 19 74 3 2 1 227 116 2 2 1 356 75 1 2 2 63 2 2 1 
2 35 32 2 1 1 175 284 2 2 1 247 211 2 1 2 19 86 2 1 
2 10 71 2 1 2 189 279 3 2 2 289 195 2 2 2 38 71 1 1 
2 1 129 2 38 2 196 194 4 2 2 139 340 4 2 1 17 58 2 1 
3 17 146 4 3 2 35 281 20 4 2 40 352 4 1 2 2 63 1 1 
2 11 129 3 2 2 36 368 2 3 2 18 390 83 1 2 1 35 4 1 
2 24 202 2 1 2 2 375 5 2 1 2 423 71 2 2 2 80 98 1 
2 21 97 48 2 1 3 395 105 3 1 2 376 119 2 2 1 22 3 1 
2 0 126 62 2 1 1 291 207 2 1 2 151 169 1 2 1 14 52 1 
2 1 54 109 2 2 1 233 218 2 2 1 96 154 3 2 2 30 30 2 
2 1 1 256 2 2 1 70 337 2 2 1 97 306 2 2 1 30 125 1 
3 3 2 169 3 2 2 58 474 4 3 2 35 356 4 3 2 2 46 2 
3 3 15 231 6 3 2 2 349 5 2 3 2 196 3 2 2 2 106 49 
2 1 22 238 6 2 2 2 296 83 2 1 2 156 74 2 2 2 35 43 
2 0 17 143 125 1 1 1 379 79 2 0 1 340 145 2 1 1 81 24 
2 1 21 28 224 1 3 2 311 127 1 2 1 224 194 2 1 2 37 56 
2 1 21 3 195 2 2 2 70 167 1 2 1 74 203 2 1 1 1 150 
2 1 1 2 186 2 2 2 2 286 2 1 2 2 247 2 2 1 2 131 
2 1 1 2 261 2 3 21 2 305 2 2 3 2 451 1 2 2 1 97 
2 1 1 2 213 2 1 2 2 284 2 1 2 1 266 1 2 1 2 64 
2 0 1 1 227 1 0 13 1 285 2 1 1 1 116 1 1 1 1 1 
3 3 2 2 139 2 2 2 1 271 3 2 1 7 201 3 1 2 1 186 
3 3 16 3 167 3 2 2 2 168 2 3 2 1 82 2 2 1 2 142 
3 3 56 3 135 3 2 2 2 147 2 2 2 12 306 2 2 2 1 128 
3 16 123 3 231 2 3 3 2 152 2 1 2 2 428 3 2 1 2 343 
2 1 154 2 191 2 2 2 2 254 2 2 1 2 413 2 2 1 2 194 
2 14 41 3 121 2 3 2 6 238 2 1 2 1 231 2 2 1 65 167 
