5 3 2 2 2 1 2 2 1 1 2 1 1 1 1 1 1 1 0 1 
1 1 1 0 1 1 0 1 0 1 0 1 0 0 1 0 1 0 0 0 
1 1 1 0 1 1 0 1 6 1 1 0 0 1 0 1 0 1 0 0 
1 1 1 0 1 1 0 1 0 1 0 1 0 0 1 0 1 0 0 0 
1 1 1 0 1 1 0 12 1 1 1 0 1 0 1 0 1 0 0 1 
1 1 1 0 1 1 0 1 0 1 0 1 0 0 1 0 1 0 0 0 
1 1 1 0 1 1 0 1 0 1 0 1 0 0 1 0 1 0 0 0 
1 1 1 0 1 1 0 1 0 1 0 1 0 0 1 0 1 0 0 0 
1 1 1 0 1 1 0 1 0 1 0 1 0 0 1 0 1 0 0 0 
1 1 1 0 1 1 0 1 6 1 1 0 0 1 0 1 0 1 0 0 
1 1 1 0 1 1 0 1 0 1 0 1 0 0 1 0 1 0 0 0 
1 1 1 0 1 1 0 1 0 1 0 1 0 0 1 0 1 0 0 0 
1 1 1 0 1 1 0 1 0 1 0 1 0 0 1 0 1 0 0 0 
1 1 1 0 1 1 0 1 0 1 0 1 0 0 1 0 1 0 0 0 
1 1 1 0 1 1 0 1 0 1 0 1 0 0 1 0 1 0 0 0 
1 20 27 2 0 1 1 9 2 0 1 1 1 0 1 0 1 0 1 0 
1 1 1 0 1 1 0 1 0 1 0 1 0 0 1 0 1 0 0 0 
1 1 1 0 1 1 0 1 0 1 0 1 0 0 1 0 1 0 0 0 
1 1 1 0 1 1 0 1 0 1 0 1 0 0 1 0 1 0 0 0 
1 14 5 1 1 1 0 1 0 1 1 0 1 0 0 1 0 1 0 0 
1 1 1 0 1 1 0 1 0 1 0 1 0 0 1 0 1 0 0 0 
1 1 1 0 1 1 0 1 0 1 0 1 0 0 1 0 1 0 0 0 
1 1 1 0 1 1 0 1 0 1 0 1 0 0 1 0 1 0 0 0 
1 1 1 0 1 1 0 1 0 1 0 1 0 0 1 0 1 0 0 0 
1 1 1 0 1 1 0 1 6 1 1 0 0 1 0 1 0 1 0 0 
1 23 2 1 1 1 1 0 1 0 1 0 0 1 0 1 0 0 0 1 
1 1 1 0 1 1 0 1 0 1 0 1 0 0 1 0 1 0 0 0 
1 1 10 5 1 1 1 0 1 0 1 1 0 1 0 1 0 0 1 0 
1 1 1 0 1 1 0 1 0 1 0 1 0 0 1 0 1 0 0 0 
1 1 30 3 0 1 1 7 1 0 1 0 1 0 1 0 1 0 0 1 
1 1 1 0 1 1 0 1 6 1 1 0 0 1 0 1 0 1 0 0 
1 7 3 1 1 1 1 0 6 1 1 0 1 0 1 1 0 0 1 0 
1 15 12 2 6 1 1 1 0 1 1 0 1 0 1 0 1 0 0 1 
1 1 1 0 1 1 0 1 6 1 1 0 0 1 0 1 0 1 0 0 
1 1 1 0 1 1 0 1 0 1 0 1 0 0 1 0 1 0 0 0 
1 1 1 0 1 1 0 1 0 1 0 1 0 0 1 0 1 0 0 0 
1 1 1 0 1 1 0 1 0 1 0 1 0 0 1 0 1 0 0 0 
1 21 10 6 1 1 1 0 1 0 1 1 0 1 0 1 0 0 1 0 
1 1 1 0 1 1 0 1 0 1 0 1 0 0 1 0 1 0 0 0 
1 1 1 0 1 1 0 1 0 1 0 1 0 0 1 0 1 0 0 0 
1 1 1 0 1 1 0 1 0 1 0 1 0 0 1 0 1 0 0 0 
1 1 46 2 1 1 1 7 1 1 1 0 1 0 1 0 1 0 1 0 
1 1 1 0 1 1 0 1 0 1 0 1 0 0 1 0 1 0 0 0 
1 1 1 0 1 1 0 1 0 1 0 1 0 0 1 0 1 0 0 0 
1 1 1 0 1 1 0 1 0 1 0 1 0 0 1 0 1 0 0 0 
1 1 10 5 1 1 1 0 1 0 1 1 0 1 0 1 0 0 1 0 
1 1 1 0 1 1 0 1 0 1 0 1 0 0 1 0 1 0 0 0 
1 1 1 0 1 1 0 1 0 1 0 1 0 0 1 0 1 0 0 0 
1 1 1 0 1 1 0 1 0 1 0 1 0 0 1 0 1 0 0 0 
1 1 1 0 1 1 0 1 0 1 0 1 0 0 1 0 1 0 0 0 
1 1 1 0 1 1 0 1 0 1 0 1 0 0 1 0 1 0 0 0 
1 1 1 0 1 1 0 1 0 1 0 1 0 0 1 0 1 0 0 0 
1 1 1 0 1 1 0 1 0 1 0 1 0 0 1 0 1 0 0 0 
1 1 1 0 1 1 0 1 0 1 0 1 0 0 1 0 1 0 0 0 
1 17 5 1 1 1 1 0 1 0 1 0 1 0 1 0 1 0 0 1 
1 1 1 0 1 1 0 1 0 1 0 1 0 0 1 0 1 0 0 0 
1 1 1 0 1 1 0 1 0 1 0 1 0 0 1 0 1 0 0 0 
1 24 80 1 1 1 1 0 7 1 0 1 0 1 0 1 0 1 0 0 
1 1 1 0 1 1 0 1 0 1 0 1 0 0 1 0 1 0 0 0 
1 19 60 1 1 0 1 1 1 0 1 0 1 0 1 0 1 0 0 1 
1 1 1 0 1 1 0 1 0 1 0 1 0 0 1 0 1 0 0 0 
1 38 34 2 1 0 1 1 1 0 1 0 1 0 0 1 0 1 0 0 
1 31 2 1 1 1 1 0 1 0 1 0 0 1 0 1 0 0 1 0 
1 17 5 1 1 1 1 0 1 0 1 0 1 0 1 0 1 0 0 1 
1 1 1 0 1 1 0 1 0 1 0 1 0 0 1 0 1 0 0 0 
1 8 6 1 1 0 1 1 0 1 0 1 0 1 0 1 0 0 1 0 
1 58 150 2 1 1 1 7 5 0 1 1 0 1 0 1 1 0 1 0 
1 8 71 1 1 1 1 1 1 0 1 0 1 0 1 0 1 0 0 1 
1 18 43 1 1 1 1 1 1 0 1 0 1 0 1 0 1 0 0 1 
1 1 1 0 1 1 0 1 0 1 0 1 0 0 1 0 1 0 0 0 
1 1 1 0 1 1 0 1 0 1 0 1 0 0 1 0 1 0 0 0 
1 1 1 0 1 1 0 1 0 1 0 1 0 0 1 0 1 0 0 0 
1 1 1 0 1 1 0 1 0 1 0 1 0 0 1 0 1 0 0 0 
1 1 21 2 0 1 1 1 0 1 0 1 0 1 0 0 1 0 0 1 
1 1 1 0 1 1 0 1 0 1 0 1 0 0 1 0 1 0 0 0 
1 1 1 0 1 1 0 1 0 1 0 1 0 0 1 0 1 0 0 0 
1 25 39 2 0 1 1 1 1 0 1 0 1 0 0 1 0 1 0 0 
1 1 24 1 1 1 0 1 1 0 1 0 1 0 0 1 0 1 0 0 
1 14 5 1 1 1 0 1 0 1 1 0 1 0 0 1 0 1 0 0 
1 1 28 1 1 1 0 1 1 0 1 0 1 0 0 1 0 1 0 0 
1 42 113 2 1 1 1 2 0 1 1 0 1 1 0 1 0 1 0 1 
1 1 1 0 1 1 0 1 6 1 1 0 0 1 0 1 0 1 0 0 
1 1 1 0 1 1 0 1 0 1 0 1 0 0 1 0 1 0 0 0 
1 1 1 0 1 1 0 1 0 1 0 1 0 0 1 0 1 0 0 0 
1 1 1 0 1 1 0 1 0 1 0 1 0 0 1 0 1 0 0 0 
1 14 2 1 1 0 1 0 1 0 1 0 1 0 1 0 0 1 0 0 
1 1 1 0 1 1 0 1 0 1 0 1 0 0 1 0 1 0 0 0 
1 15 69 1 1 1 1 1 1 1 0 1 1 0 1 0 1 0 1 0 
1 1 1 0 1 1 0 1 0 1 0 1 0 0 1 0 1 0 0 0 
1 1 1 0 1 1 0 1 0 1 0 1 0 0 1 0 1 0 0 0 
1 1 1 0 1 1 0 1 0 1 0 1 0 0 1 0 1 0 0 0 
1 1 1 0 1 1 0 1 0 1 0 1 0 0 1 0 1 0 0 0 
1 1 1 0 1 1 0 1 0 1 0 1 0 0 1 0 1 0 0 0 
1 1 1 0 1 1 0 1 0 1 0 1 0 0 1 0 1 0 0 0 
1 20 5 1 1 1 1 0 1 0 1 0 1 0 1 0 1 0 0 1 
1 1 1 0 1 1 0 1 0 1 0 1 0 0 1 0 1 0 0 0 
1 50 185 3 1 1 1 1 0 1 1 0 1 0 1 0 1 0 0 1 
1 19 68 1 1 1 1 1 1 0 1 0 1 1 0 1 0 0 1 0 
1 21 37 1 1 1 1 0 1 1 0 1 0 1 0 1 0 1 0 0 
1 1 27 1 0 1 1 1 7 0 1 0 1 0 1 0 1 0 0 1 
1 1 1 0 1 1 0 1 0 1 0 1 0 0 1 0 1 0 0 0 
1 1 1 0 1 1 0 1 0 1 0 1 0 0 1 0 1 0 0 0 
1 14 30 2 1 1 1 1 1 0 1 1 0 1 0 1 0 1 0 1 
1 45 86 2 1 1 1 1 1 0 1 1 0 0 1 0 1 0 1 0 
1 21 28 2 1 0 2 1 0 1 0 1 0 0 1 0 1 0 0 1 
1 14 143 2 2 1 1 2 0 1 1 1 1 0 1 1 0 1 0 1 
1 1 36 1 1 1 0 1 1 0 1 0 0 1 0 1 0 0 1 0 
1 76 71 3 0 1 1 1 1 0 1 0 1 0 1 0 1 0 0 0 
1 21 82 1 2 1 1 1 1 1 1 1 0 1 1 0 1 0 1 0 
1 15 25 1 1 1 1 1 1 0 1 1 0 1 0 1 0 1 0 0 
1 21 50 1 1 1 1 10 1 0 1 0 1 1 0 1 0 0 1 0 
1 11 24 5 1 1 1 1 1 0 1 0 1 0 1 0 1 0 1 0 
1 1 1 0 1 1 0 1 0 1 0 1 0 0 1 0 1 0 0 0 
1 1 1 0 1 1 0 1 0 1 0 1 0 0 1 0 1 0 0 0 
1 17 47 4 1 1 1 1 1 1 1 0 1 0 1 0 1 0 1 0 
1 19 87 2 1 1 2 1 6 1 1 0 1 1 1 0 1 1 0 1 
1 1 10 5 1 1 1 0 1 0 1 1 0 1 0 1 0 0 1 0 
1 1 43 2 1 1 0 1 1 0 1 1 0 1 0 1 0 0 1 0 
1 1 1 0 1 1 0 1 0 1 0 1 0 0 1 0 1 0 0 0 
1 1 1 0 1 1 0 1 0 1 0 1 0 0 1 0 1 0 0 0 
1 1 14 5 1 1 1 0 1 0 1 0 1 0 1 0 1 0 0 1 
1 1 1 0 1 1 0 1 0 1 0 1 0 0 1 0 1 0 0 0 
1 1 67 1 1 1 0 1 1 0 1 0 1 0 1 0 1 0 0 0 
1 1 1 0 1 1 0 1 0 1 0 1 0 0 1 0 1 0 0 0 
1 1 1 0 1 1 0 1 0 1 0 1 0 0 1 0 1 0 0 0 
1 8 88 2 0 1 1 1 0 1 0 1 0 1 0 0 1 0 0 1 
1 14 5 1 1 1 0 1 0 1 1 0 1 6 0 1 1 0 0 1 
1 14 51 1 1 1 1 1 1 1 0 1 1 0 1 0 1 0 1 0 
1 15 5 1 1 1 1 0 1 1 0 1 0 1 6 1 0 1 0 1 
1 8 78 2 1 1 1 1 1 1 0 1 0 1 0 1 0 1 0 20 
1 15 5 1 1 1 1 1 0 68 1 1 0 1 1 0 1 0 0 1 
1 11 1 5 82 1 1 0 1 218 1 0 0 1 60 1 0 0 0 1 
1 1 1 0 156 1 1 1 1 157 1 0 1 0 36 1 1 0 0 2 
1 1 36 2 157 1 0 1 1 263 2 0 1 1 31 1 1 0 1 45 
1 1 1 0 176 1 1 1 1 135 1 1 1 1 129 1 1 1 0 52 
1 1 1 0 199 1 1 0 1 190 1 1 0 1 165 1 1 1 1 17 
1 1 1 0 101 1 1 1 1 201 2 1 1 1 87 2 1 1 2 107 
1 1 17 3 142 1 2 1 1 120 1 1 1 1 158 1 1 1 1 61 
1 1 1 1 157 2 1 2 1 175 1 1 1 2 155 1 1 1 0 52 
1 1 14 2 118 1 1 1 1 239 1 1 1 1 192 1 1 0 1 93 
1 1 1 1 168 1 1 1 1 190 2 1 1 1 156 1 1 1 0 215 
1 14 5 1 182 1 1 2 1 238 2 2 1 1 181 2 1 1 50 60 
1 1 1 1 205 1 1 1 1 140 1 1 1 50 154 2 1 1 7 32 
1 1 1 1 103 1 1 1 179 165 1 1 1 64 102 1 1 1 86 68 
1 1 1 46 57 2 1 1 142 138 2 1 0 43 107 2 1 0 2 31 
1 8 5 122 68 2 1 1 137 123 2 1 1 64 137 2 1 1 2 53 
1 1 1 100 52 1 1 1 242 82 2 1 1 79 149 2 1 1 2 26 
1 1 50 120 27 2 0 2 415 106 2 2 1 75 54 2 2 1 2 29 
1 1 1 148 3 2 1 2 287 61 2 1 1 131 37 1 2 1 85 3 
1 1 1 102 1 1 1 1 336 112 2 1 2 198 104 2 1 1 78 2 
1 1 1 132 3 1 1 1 319 44 1 1 1 184 88 1 1 1 118 3 
1 1 1 93 1 1 1 1 303 4 2 1 1 229 41 1 1 1 142 2 
1 1 1 63 1 1 1 1 298 2 1 2 1 230 4 2 1 1 69 2 
1 1 1 95 1 1 1 48 374 1 2 1 2 232 6 1 1 1 47 1 
1 1 1 90 2 1 1 1 386 2 2 1 1 271 4 2 1 1 111 1 
1 1 1 100 2 1 1 0 374 2 1 1 1 239 2 2 2 1 139 2 
1 1 1 82 2 1 1 0 283 1 2 1 46 229 1 1 1 26 42 1 
1 1 11 175 2 1 2 142 235 2 1 1 86 146 1 1 1 30 63 1 
1 1 41 50 2 1 1 53 209 1 2 0 84 147 1 2 1 29 75 2 
1 1 38 35 2 1 1 156 171 1 1 1 62 246 1 2 0 1 66 1 
1 1 44 46 1 1 0 195 132 2 1 1 61 129 1 1 1 1 26 1 
1 1 69 48 1 1 0 286 153 6 1 1 63 166 2 2 1 2 24 1 
1 1 81 26 1 2 0 358 57 1 2 1 92 122 1 2 1 1 27 1 
1 1 79 5 2 1 1 309 81 2 2 1 181 61 1 2 1 1 2 1 
1 1 81 5 1 1 1 317 77 1 1 1 166 73 1 1 1 70 3 0 
1 1 98 1 1 1 1 403 33 1 1 2 282 61 1 2 1 77 3 1 
1 1 106 5 1 1 2 415 38 1 2 1 211 5 1 2 1 47 2 1 
1 1 82 2 1 1 0 405 2 1 1 1 263 5 2 1 1 33 2 1 
1 1 64 1 1 1 1 267 2 1 2 1 272 4 1 2 1 66 2 1 
1 1 56 2 1 0 1 345 2 1 1 1 298 2 1 2 1 50 1 1 
1 1 57 1 1 1 1 285 2 1 2 1 192 4 1 2 1 55 2 0 
1 1 64 2 1 1 1 426 2 1 2 1 295 4 2 2 1 75 1 1 
1 1 43 1 1 1 1 275 1 2 1 1 190 2 1 1 1 21 2 0 
1 1 52 2 1 1 1 386 1 2 1 1 249 4 1 3 1 36 2 1 
1 1 32 1 1 1 1 117 2 1 1 1 271 4 1 1 2 17 1 1 
1 1 113 2 1 1 108 213 2 1 1 2 292 4 1 2 1 1 1 0 
1 1 59 2 1 1 141 74 2 1 2 22 205 2 2 1 2 1 1 1 
1 22 116 4 2 1 250 213 2 1 2 47 233 2 1 2 1 2 0 1 
1 21 98 1 1 1 205 112 1 2 1 2 247 2 1 1 2 1 2 1 
1 38 93 2 1 1 211 183 2 1 1 99 240 2 1 2 1 9 2 1 
1 10 43 1 1 0 107 138 2 1 1 69 136 2 1 1 1 2 1 1 
1 20 37 1 1 0 92 135 2 1 1 116 254 2 1 2 1 2 2 1 
1 10 5 1 0 1 63 80 2 1 1 116 164 1 1 0 2 1 0 1 
1 10 5 1 0 1 116 114 2 1 1 213 113 1 2 1 2 1 1 1 
1 10 5 1 0 1 62 58 1 1 1 272 46 1 1 1 1 1 1 0 
1 10 52 2 2 1 178 142 1 1 1 214 123 1 1 2 1 1 1 1 
1 20 5 1 0 1 80 4 1 1 1 184 5 0 1 2 1 1 1 0 
1 35 1 1 1 0 120 67 1 0 1 264 98 2 1 2 2 2 1 0 
1 22 2 0 1 1 177 1 2 1 0 187 4 1 1 2 1 1 1 1 
1 70 19 2 0 1 98 4 1 1 1 294 5 1 1 1 2 1 1 0 
1 45 2 0 1 1 148 2 1 1 1 228 4 2 1 1 1 1 1 1 
1 28 56 10 37 1 193 3 1 2 1 266 5 1 2 1 2 1 2 1 
1 40 1 2 1 0 163 2 1 1 1 117 2 1 1 1 1 1 1 0 
1 58 5 0 1 30 239 2 2 1 2 203 3 2 2 1 1 1 2 1 
1 70 4 1 1 39 110 1 1 1 1 194 1 1 2 1 1 1 1 1 
1 58 46 2 1 83 48 3 0 1 6 260 2 2 1 2 1 1 1 1 
1 47 11 2 4 50 15 2 1 1 2 301 2 1 1 2 1 1 1 1 
1 67 2 1 1 105 37 2 1 1 1 370 1 1 1 1 1 1 0 1 
1 41 2 2 1 104 45 2 1 1 5 395 2 1 1 2 2 1 1 0 
6 54 2 2 1 132 125 2 1 2 4 339 1 2 1 1 2 1 1 1 
6 38 18 1 1 54 55 3 1 0 132 88 1 1 1 1 1 1 0 1 
13 44 37 1 1 166 44 3 1 1 164 141 2 1 1 5 3 0 1 1 
19 5 1 1 0 58 28 1 1 1 94 117 2 1 2 1 1 2 1 1 
23 4 1 1 1 118 118 2 1 0 117 180 2 2 1 1 2 1 1 1 
15 5 1 1 1 68 42 1 1 0 54 203 1 1 1 2 1 1 1 0 
6 5 49 2 1 160 24 2 1 1 140 134 1 2 1 4 1 1 1 1 
17 5 1 1 0 135 1 2 1 1 152 83 3 1 2 3 1 2 1 1 
27 21 55 1 1 136 2 2 1 1 128 67 2 1 1 1 1 1 1 1 
19 5 1 1 0 138 5 1 1 1 183 61 2 1 1 4 1 1 1 1 
31 4 40 1 1 62 2 1 2 1 202 4 1 1 1 5 1 1 1 1 
8 5 1 1 1 72 2 0 1 1 238 5 1 1 1 4 1 1 1 1 
1 52 65 3 1 90 3 1 1 1 250 4 2 1 1 5 1 1 2 1 
27 17 5 1 1 97 2 1 1 1 250 2 2 1 1 1 1 1 1 1 
27 1 1 1 1 123 2 1 1 0 270 2 1 1 1 2 1 1 1 0 
13 2 1 1 0 118 1 2 1 1 225 2 1 1 1 3 1 1 0 1 
29 6 1 0 1 120 1 1 1 1 200 3 1 1 2 4 2 1 1 1 
18 14 5 1 1 80 1 1 1 1 162 4 1 1 1 5 1 1 1 0 
42 23 92 1 1 152 3 1 0 1 263 2 1 1 1 2 0 1 1 1 
21 17 50 1 1 51 2 1 1 0 145 4 1 1 1 4 1 1 0 1 
1 1 1 1 0 1 1 0 1 0 1 0 1 0 1 0 0 1 0 0 
1 14 23 2 1 42 1 1 1 0 160 1 1 1 1 3 0 1 1 0 
1 66 190 2 1 95 2 1 1 1 217 1 1 0 1 3 0 1 0 1 
1 1 1 0 1 1 0 1 0 1 0 1 0 0 1 0 1 0 0 0 
1 9 67 1 1 109 1 1 1 1 64 1 1 1 0 2 0 1 1 0 
1 17 63 2 1 95 1 1 1 1 226 1 1 1 0 2 1 0 1 1 
1 14 52 2 1 1 1 1 1 1 144 1 0 1 1 1 1 0 1 0 
1 1 1 0 1 1 0 1 0 1 0 1 0 0 1 0 1 0 0 0 
1 18 58 2 1 1 1 1 1 1 0 1 1 0 1 1 0 1 0 1 
1 19 23 1 1 1 1 1 1 0 1 0 0 1 0 1 0 0 1 0 
1 8 49 2 1 1 1 1 0 1 0 1 1 0 0 1 0 1 0 1 
1 14 45 1 1 1 1 1 1 0 1 1 1 0 1 0 1 0 1 0 
1 1 65 2 1 1 0 2 0 1 1 1 0 1 0 1 1 0 1 0 
1 17 5 1 1 1 1 0 1 0 1 0 1 0 1 0 1 0 0 1 
1 1 30 2 1 0 1 1 0 1 0 1 0 1 0 0 1 0 0 1 
1 1 1 0 1 1 0 1 0 1 0 1 0 0 1 0 1 0 0 0 
1 1 62 2 0 1 1 1 0 1 0 1 0 1 0 1 0 0 1 0 
1 1 35 1 1 1 0 1 1 0 1 0 0 1 0 1 0 0 1 0 
1 17 27 2 1 1 1 1 1 0 1 0 1 0 1 1 0 0 1 0 
1 23 133 1 1 1 1 1 0 1 1 0 1 0 1 0 1 0 0 1 
1 21 118 2 1 2 1 1 1 1 1 1 1 0 1 1 0 1 1 0 
1 21 128 1 2 1 1 2 1 0 2 0 1 1 0 1 1 0 1 1 
1 14 146 5 1 1 1 1 1 1 1 0 1 1 0 1 1 0 0 1 
1 17 101 2 1 1 1 2 0 1 1 1 1 0 1 1 0 1 0 1 
1 21 94 10 2 0 1 1 1 1 0 1 0 0 1 0 1 0 0 0 
4 32 117 2 1 1 1 1 1 1 1 0 1 1 0 1 0 1 0 1 
1 68 111 3 0 1 1 2 0 1 0 1 0 1 0 1 0 0 1 0 
1 1 21 2 0 1 1 1 0 1 0 1 0 1 0 0 1 0 0 1 
1 32 53 1 1 1 1 1 1 0 1 1 0 1 0 1 0 0 1 0 
1 15 5 1 1 1 1 1 0 1 0 1 0 1 0 1 0 0 1 0 
1 28 96 1 16 1 1 1 1 1 1 0 1 0 1 0 1 0 1 0 
1 24 13 2 1 0 2 0 1 0 1 0 1 0 0 1 0 1 0 0 
1 1 41 2 0 1 0 2 0 1 0 1 0 0 1 0 1 0 0 0 
1 1 42 2 1 1 1 1 0 1 1 0 0 1 0 1 0 1 0 0 
1 1 29 1 0 1 1 1 0 1 0 1 0 0 1 0 0 1 0 0 
1 1 1 0 1 1 0 1 0 1 0 1 0 0 1 0 1 0 0 0 
1 18 35 1 1 1 1 1 0 1 0 1 0 1 0 1 0 0 0 1 
1 15 37 6 1 1 1 1 1 0 1 0 1 0 1 1 0 0 1 0 
1 1 75 3 1 1 1 1 1 0 1 1 0 1 1 0 1 0 1 0 
1 1 73 2 0 1 0 2 0 1 0 1 0 0 1 0 1 0 0 0 
1 1 79 2 1 0 1 1 7 0 1 1 0 1 0 1 0 1 0 1 
1 1 29 1 1 1 0 1 1 0 1 0 1 0 0 1 0 0 1 0 
1 1 163 2 0 1 1 1 1 1 0 1 1 0 1 0 1 0 1 0 
1 1 32 2 1 1 0 2 0 1 0 1 0 1 0 0 1 0 1 0 
1 1 1 0 1 199 1 0 1 0 3 0 1 0 0 1 0 1 0 0 
1 1 10 5 1 150 1 2 0 1 2 1 0 1 1 1 0 1 0 0 
1 1 1 0 1 101 1 1 1 1 87 1 1 0 1 2 1 0 1 0 
58 2 0 1 1 100 1 1 1 1 119 5 0 1 0 7 0 1 0 1 
31 4 60 1 1 106 1 2 1 1 95 2 1 1 1 1 1 1 1 0 
55 2 1 0 1 54 2 0 1 1 90 1 1 1 0 3 0 1 0 1 
64 1 1 1 0 118 1 1 1 0 185 5 1 0 1 6 0 1 0 1 
33 5 1 1 0 36 1 1 0 1 222 1 1 1 1 2 1 1 1 0 
62 2 1 1 0 179 2 1 0 1 329 2 1 1 1 1 1 0 1 1 
17 6 0 1 1 177 1 4 1 0 239 2 1 1 0 3 1 1 1 0 
83 26 20 1 1 235 2 2 1 2 218 3 2 1 0 5 1 1 1 1 
27 2 1 0 1 47 2 0 1 0 80 2 0 1 0 3 0 1 0 1 
61 4 62 2 2 64 1 2 1 1 253 3 1 2 1 4 1 2 1 1 
33 4 1 1 1 83 2 3 0 1 209 5 1 1 0 6 1 1 0 1 
24 2 49 2 1 191 1 1 1 1 300 1 1 1 1 2 1 1 1 0 
28 5 1 1 1 129 4 1 1 1 218 2 1 1 1 2 1 1 1 0 
21 4 42 2 0 99 54 1 1 1 273 3 1 2 0 2 1 1 1 1 
15 4 2 0 1 70 40 1 1 1 248 14 1 2 1 31 3 1 0 1 
40 5 1 1 0 62 116 1 1 1 220 111 2 1 1 4 43 2 1 1 
21 5 1 0 1 44 66 2 0 1 113 80 2 1 1 2 1 1 1 1 
7 50 30 18 1 89 75 3 1 1 148 125 2 2 1 2 2 1 2 1 
17 25 2 1 1 50 36 1 1 1 303 118 2 2 1 2 2 1 1 1 
10 30 99 1 1 28 137 2 1 1 240 245 2 1 1 5 2 1 1 1 
7 38 4 1 1 7 47 1 1 1 84 243 1 1 2 5 2 1 1 1 
28 86 60 2 2 27 130 2 1 1 33 325 2 1 1 2 1 1 1 1 
1 71 2 1 1 38 96 1 1 1 29 235 1 1 0 2 0 1 0 1 
1 87 2 1 1 22 202 1 1 1 29 366 1 0 1 2 16 2 0 1 
1 57 5 1 0 31 132 3 1 1 19 163 4 1 1 1 27 1 1 1 
1 63 51 4 1 21 219 3 1 2 20 343 4 1 2 2 58 2 1 1 
1 58 5 1 1 1 99 2 1 1 0 425 4 2 1 2 12 3 1 1 
1 41 48 1 1 1 128 5 1 1 1 320 2 1 2 1 22 2 1 0 
1 23 5 1 1 0 165 39 2 1 1 253 4 1 1 1 35 1 1 0 
1 52 10 7 2 1 150 121 2 1 1 273 81 1 1 2 64 2 1 0 
1 10 5 1 0 1 68 165 2 1 1 164 92 2 1 1 58 39 1 0 
1 10 58 2 1 1 128 192 2 0 1 133 197 1 1 1 1 34 2 0 
1 18 56 2 1 1 114 252 2 1 1 102 145 2 1 2 2 70 1 1 
1 19 101 2 1 1 185 216 2 1 2 201 170 2 1 2 25 65 1 1 
1 1 73 1 1 1 88 141 1 2 1 128 203 1 2 1 37 3 1 1 
2 1 144 3 3 1 85 200 3 3 1 43 284 3 2 13 3 3 3 2 
3 3 135 3 2 2 31 197 3 3 2 26 173 4 1 2 2 2 1 2 
1 5 128 1 1 2 1 269 7 3 2 30 164 2 1 2 1 84 2 1 
1 1 54 1 1 1 0 250 2 1 2 18 202 4 2 2 2 58 2 2 
1 1 73 2 1 1 1 413 2 1 1 33 187 10 3 2 2 78 13 1 
1 1 50 2 0 1 1 368 6 1 1 1 194 18 1 1 2 1 39 2 
1 1 59 2 17 0 1 305 71 2 1 1 321 95 2 1 1 50 28 1 
1 1 53 5 2 1 1 366 51 2 1 0 224 50 2 2 1 20 2 1 
1 1 104 13 2 0 1 339 110 2 1 1 232 53 1 2 2 40 2 1 
1 1 67 29 2 1 1 262 166 1 2 1 139 74 1 2 1 43 38 1 
1 1 47 74 1 1 1 218 171 2 1 1 98 139 2 1 1 18 71 1 
1 1 32 20 1 1 0 165 164 2 2 1 54 158 5 1 1 1 42 2 
1 1 1 42 1 1 0 134 218 2 1 2 65 149 1 1 1 2 72 8 
1 1 1 81 1 2 1 96 192 2 2 1 51 135 2 1 1 18 92 1 
1 1 70 85 5 1 1 36 328 2 2 2 55 288 2 1 1 2 48 2 
1 1 1 119 1 1 1 1 254 2 2 1 24 192 4 2 1 2 43 2 
1 1 10 175 7 2 1 1 208 4 2 1 1 200 3 2 2 2 23 2 
1 1 1 173 1 1 1 1 226 4 2 1 1 169 1 2 2 1 121 1 
1 1 1 180 6 1 1 0 268 42 1 1 1 155 6 1 2 1 43 69 
1 1 1 186 3 2 1 2 207 52 2 1 1 79 148 2 1 1 1 45 
1 1 1 105 37 1 1 2 212 117 2 1 2 173 73 1 1 1 66 45 
1 1 1 95 80 1 0 1 296 19 1 1 1 187 90 1 1 0 75 87 
1 1 1 104 86 1 1 1 242 52 1 2 1 239 100 2 2 1 42 2 
1 1 1 38 165 1 1 1 286 85 1 1 1 142 81 2 1 1 27 3 
1 1 1 36 141 2 1 1 232 93 2 1 0 139 228 1 1 1 12 31 
1 1 1 1 86 1 1 1 134 116 1 1 1 78 136 1 1 1 1 88 
1 15 70 2 180 1 1 1 31 160 2 1 1 48 230 1 2 0 2 169 
1 1 1 1 201 1 1 1 1 188 1 2 1 26 145 1 2 1 2 53 
1 1 1 1 165 1 1 1 1 204 2 1 1 1 179 2 1 2 1 114 
1 1 1 1 154 1 1 1 2 97 1 1 2 1 236 2 1 1 2 48 
1 1 1 1 209 1 1 1 1 235 1 1 1 1 235 2 1 1 1 34 
1 1 1 1 132 1 2 1 1 130 1 1 1 1 208 1 2 1 1 51 
1 14 5 1 244 1 1 1 1 103 1 1 1 1 119 1 1 1 1 75 
1 1 1 1 249 1 1 1 1 254 2 1 1 1 78 1 1 1 1 27 
1 1 29 5 205 1 1 2 1 238 2 1 1 1 92 1 1 1 0 2 
1 1 1 1 110 1 0 1 1 179 1 1 1 1 98 1 1 0 1 150 
1 1 29 2 115 1 1 2 0 99 1 1 1 1 135 1 1 1 1 107 
1 1 1 0 200 1 1 0 1 110 1 0 1 1 115 1 0 1 1 167 
1 1 52 1 76 1 1 1 1 51 1 1 1 1 175 2 1 1 1 82 
1 1 1 0 68 1 1 1 1 82 1 1 0 1 214 1 1 1 1 34 
1 1 31 1 121 1 1 2 1 219 2 1 0 6 214 2 1 0 1 141 
1 1 1 0 101 1 2 1 1 59 1 1 1 1 243 1 1 1 1 208 
1 8 69 2 137 2 1 1 1 53 1 0 1 1 224 1 1 1 1 247 
1 1 25 2 140 1 1 1 1 116 1 2 0 1 276 1 1 1 1 125 
1 14 103 2 92 1 1 1 1 201 2 1 1 1 226 1 2 1 1 168 
1 1 16 3 86 1 1 1 1 111 1 1 1 3 149 1 1 1 25 73 
1 1 1 1 80 1 1 1 31 160 1 1 1 2 255 2 1 1 42 187 
